1.0000000	0.0360000
0.9990050	0.0364800
0.9960230	0.0384819
0.9910670	0.0416380
0.9841570	0.0457139
0.9753230	0.0504440
0.9646020	0.0555774
0.9520370	0.0609143
0.9376800	0.0663251
0.9215920	0.0717505
0.9038380	0.0771860
0.8844900	0.0826516
0.8636290	0.0881595
0.8413380	0.0936905
0.8177080	0.0991815
0.7928340	0.1045311
0.7668170	0.1096185
0.7397610	0.1143324
0.7117730	0.1185980
0.6829660	0.1223944
0.6534540	0.1257591
0.6233540	0.1287729
0.5927840	0.1315321
0.5618640	0.1341133
0.5307160	0.1365417
0.4994620	0.1387725
0.4682220	0.1406904
0.4371190	0.1421309
0.4062720	0.1429178
0.3759830	0.1429106
0.3462350	0.1420505
0.3170920	0.1403661
0.2886610	0.1379799
0.2610470	0.1350815
0.2343500	0.1318786
0.2086690	0.1285365
0.1840990	0.1251186
0.1607310	0.1215454
0.1386520	0.1175842
0.1179470	0.1128773
0.0986960	0.1070074
0.0809720	0.0995899
0.0648470	0.0903810
0.0503860	0.0793720
0.0376490	0.0668549
0.0266900	0.0534388
0.0175570	0.0400097
0.0102910	0.0276329
0.0049260	0.0174148
0.0014890	0.0103453
0.0000000	0.0000000
