 1.000000 -0.000000
  0.999022  0.000197
  0.996092  0.000785
  0.991221  0.001757
  0.984426  0.003101
  0.975733  0.004801
  0.965175  0.006837
  0.952790  0.009186
  0.938626  0.011819
  0.922736  0.014709
  0.905179  0.017822
  0.886023  0.021127
  0.865340  0.024589
  0.843209  0.028172
  0.819716  0.031842
  0.794951  0.035562
  0.769010  0.039296
  0.741993  0.043010
  0.714006  0.046669
  0.685158  0.050238
  0.655563  0.053682
  0.625336  0.056969
  0.594598  0.060065
  0.563469  0.062940
  0.532074  0.065560
  0.500538  0.067898
  0.468987  0.069924
  0.437548  0.071613
  0.406346  0.072940
  0.375327  0.073842
  0.344748  0.074217
  0.314783  0.074056
  0.285559  0.073359
  0.257200  0.072131
  0.229824  0.070386
  0.203546  0.068141
  0.178477  0.065423
  0.154722  0.062261
  0.132379  0.058693
  0.111539  0.054757
  0.092287  0.050499
  0.074700  0.045964
  0.058846  0.041200
  0.044787  0.036255
  0.032574  0.031175
  0.022253  0.026004
  0.013860  0.020782
  0.007422  0.015544
  0.002960  0.010321
  0.000484  0.005134
  0.000000  0.000000
  0.001489 -0.004937
  0.004926 -0.009536
  0.010291 -0.013793
  0.017557 -0.017702
  0.026690 -0.021259
  0.037649 -0.024461
  0.050386 -0.027304
  0.064847 -0.029787
  0.080972 -0.031911
  0.098696 -0.033680
  0.117947 -0.035100
  0.138652 -0.036181
  0.160731 -0.036935
  0.184099 -0.037382
  0.208669 -0.037540
  0.234350 -0.037434
  0.261047 -0.037093
  0.288661 -0.036545
  0.317092 -0.035823
  0.346235 -0.034960
  0.375983 -0.033990
  0.406272 -0.032944
  0.437119 -0.031767
  0.468222 -0.030447
  0.499462 -0.029009
  0.530716 -0.027479
  0.561864 -0.025880
  0.592784 -0.024234
  0.623354 -0.022561
  0.653454 -0.020879
  0.682966 -0.019203
  0.711773 -0.017547
  0.739761 -0.015921
  0.766817 -0.014336
  0.792834 -0.012801
  0.817708 -0.011322
  0.841338 -0.009906
  0.863629 -0.008561
  0.884490 -0.007291
  0.903838 -0.006103
  0.921592 -0.005004
  0.937680 -0.003998
  0.952037 -0.003092
  0.964602 -0.002293
  0.975323 -0.001605
  0.984157 -0.001034
  0.991067 -0.000585
  0.996023 -0.000261
  0.999005 -0.000065
  1.000000  0.000000
