1.000000 -0.000000
  0.999024  0.000233
  0.996101  0.000927
  0.991241  0.002076
  0.984462  0.003665
  0.975789  0.005675
  0.965253  0.008082
  0.952893  0.010860
  0.938755  0.013976
  0.922892  0.017397
  0.905362  0.021085
  0.886232  0.025003
  0.865573  0.029109
  0.843464  0.033365
  0.819990  0.037728
  0.795240  0.042156
  0.769309  0.046610
  0.742297  0.051047
  0.714310  0.055426
  0.685457  0.059707
  0.655850  0.063850
  0.625607  0.067814
  0.594845  0.071561
  0.563688  0.075051
  0.532260  0.078247
  0.500685  0.081112
  0.469092  0.083611
  0.437606  0.085710
  0.406357  0.087378
  0.375237  0.088546
  0.344545  0.089105
  0.314468  0.089040
  0.285137  0.088346
  0.256675  0.087025
  0.229206  0.085088
  0.202847  0.082552
  0.177711  0.079442
  0.153903  0.075788
  0.131524  0.071630
  0.110665  0.067011
  0.091413  0.061978
  0.073845  0.056583
  0.058028  0.050880
  0.044023  0.044922
  0.031882  0.038762
  0.021648  0.032449
  0.013356  0.026030
  0.007031  0.019545
  0.002691  0.013029
  0.000347  0.006508
  0.000000  0.000000
  0.001626 -0.006310
  0.005194 -0.012244
  0.010682 -0.017793
  0.018061 -0.022950
  0.027295 -0.027704
  0.038341 -0.032048
  0.051150 -0.035971
  0.065666 -0.039467
  0.081827 -0.042531
  0.099570 -0.045159
  0.118821 -0.047353
  0.139508 -0.049118
  0.161550 -0.050462
  0.184865 -0.051400
  0.209367 -0.051951
  0.234967 -0.052137
  0.261571 -0.051987
  0.289084 -0.051532
  0.317407 -0.050806
  0.346438 -0.049848
  0.376073 -0.048694
  0.406262 -0.047383
  0.437060 -0.045865
  0.468118 -0.044134
  0.499315 -0.042224
  0.530531 -0.040166
  0.561645 -0.037991
  0.592536 -0.035729
  0.623083 -0.033406
  0.653167 -0.031047
  0.682668 -0.028673
  0.711469 -0.026304
  0.739456 -0.023957
  0.766518 -0.021650
  0.792546 -0.019395
  0.817434 -0.017208
  0.841083 -0.015099
  0.863396 -0.013081
  0.884282 -0.011166
  0.903655 -0.009366
  0.921436 -0.007692
  0.937551 -0.006155
  0.951934 -0.004767
  0.964524 -0.003538
  0.975268 -0.002478
  0.984121 -0.001598
  0.991046 -0.000904
  0.996013 -0.000403
  0.999002 -0.000101
  1.000000  0.000000
