/*--------------------------------*- C++ -*----------------------------------*\
| =========                 |                                                 |
| \\      /  F ield         | OpenFOAM: The Open Source CFD Toolbox           |
|  \\    /   O peration     | Version:  5.x                                   |
|   \\  /    A nd           | Web:      www.OpenFOAM.org                      |
|    \\/     M anipulation  |                                                 |
\*---------------------------------------------------------------------------*/
FoamFile
{
    version     2.0;
    format      ascii;
    class       faceList;
    location    "constant/polyMesh";
    object      faces;
}
// * * * * * * * * * * * * * * * * * * * * * * * * * * * * * * * * * * * * * //


2012
(
4(4 5 7 6)
4(0 4 6 2)
4(1 3 7 5)
4(4 8 10 6)
4(5 7 11 9)
4(8 9 11 10)
4(15 5 17 16)
4(12 15 16 13)
4(9 14 17 5)
4(12 13 14 9)
4(15 18 19 16)
4(5 17 20 1)
4(23 4 6 24)
4(21 23 24 22)
4(23 25 26 24)
4(25 8 10 26)
4(29 15 16 30)
4(27 29 30 28)
4(27 28 13 12)
4(29 31 32 30)
4(35 23 24 36)
4(33 35 36 34)
4(35 37 38 36)
4(37 25 26 38)
4(41 29 30 42)
4(39 41 42 40)
4(39 40 28 27)
4(41 43 44 42)
4(47 35 36 48)
4(45 47 48 46)
4(47 49 50 48)
4(49 37 38 50)
4(53 41 42 54)
4(51 53 54 52)
4(51 52 40 39)
4(53 55 56 54)
4(59 47 48 60)
4(57 59 60 58)
4(59 61 62 60)
4(61 49 50 62)
4(65 53 54 66)
4(63 65 66 64)
4(63 64 52 51)
4(65 67 68 66)
4(71 59 60 72)
4(69 71 72 70)
4(71 73 74 72)
4(73 61 62 74)
4(77 65 66 78)
4(75 77 78 76)
4(75 76 64 63)
4(77 79 80 78)
4(83 71 72 84)
4(81 83 84 82)
4(83 85 86 84)
4(85 73 74 86)
4(89 77 78 90)
4(87 89 90 88)
4(87 88 76 75)
4(89 91 92 90)
4(95 83 84 96)
4(93 95 96 94)
4(95 97 98 96)
4(97 85 86 98)
4(101 89 90 102)
4(99 101 102 100)
4(99 100 88 87)
4(101 103 104 102)
4(107 95 96 108)
4(105 107 108 106)
4(107 109 110 108)
4(109 97 98 110)
4(113 101 102 114)
4(111 113 114 112)
4(111 112 100 99)
4(113 115 116 114)
4(119 107 108 120)
4(117 119 120 118)
4(119 121 122 120)
4(121 109 110 122)
4(125 113 114 126)
4(123 125 126 124)
4(123 124 112 111)
4(125 127 128 126)
4(131 119 120 132)
4(129 131 132 130)
4(131 133 134 132)
4(133 121 122 134)
4(137 125 126 138)
4(135 137 138 136)
4(135 136 124 123)
4(137 139 140 138)
4(143 131 132 144)
4(141 143 144 142)
4(143 145 146 144)
4(145 133 134 146)
4(149 137 138 150)
4(147 149 150 148)
4(147 148 136 135)
4(149 151 152 150)
4(155 143 144 156)
4(153 155 156 154)
4(155 157 158 156)
4(157 145 146 158)
4(161 149 150 162)
4(159 161 162 160)
4(159 160 148 147)
4(161 163 164 162)
4(167 155 156 168)
4(165 167 168 166)
4(167 169 170 168)
4(169 157 158 170)
4(173 161 162 174)
4(171 173 174 172)
4(171 172 160 159)
4(173 175 176 174)
4(179 167 168 180)
4(177 179 180 178)
4(179 181 182 180)
4(181 169 170 182)
4(185 173 174 186)
4(183 185 186 184)
4(183 184 172 171)
4(185 187 188 186)
4(191 179 180 192)
4(189 191 192 190)
4(191 193 194 192)
4(193 181 182 194)
4(197 185 186 198)
4(195 197 198 196)
4(195 196 184 183)
4(197 199 200 198)
4(203 191 192 204)
4(201 203 204 202)
4(203 205 206 204)
4(205 193 194 206)
4(209 197 198 210)
4(207 209 210 208)
4(207 208 196 195)
4(209 211 212 210)
4(215 203 204 216)
4(213 215 216 214)
4(215 217 218 216)
4(217 205 206 218)
4(221 209 210 222)
4(219 221 222 220)
4(219 220 208 207)
4(221 223 224 222)
4(227 215 216 228)
4(225 227 228 226)
4(227 229 230 228)
4(229 217 218 230)
4(233 221 222 234)
4(231 233 234 232)
4(231 232 220 219)
4(233 235 236 234)
4(239 227 228 240)
4(237 239 240 238)
4(239 241 242 240)
4(241 229 230 242)
4(245 233 234 246)
4(243 245 246 244)
4(243 244 232 231)
4(245 247 248 246)
4(251 239 240 252)
4(249 251 252 250)
4(251 253 254 252)
4(253 241 242 254)
4(257 245 246 258)
4(255 257 258 256)
4(255 256 244 243)
4(257 259 260 258)
4(263 251 252 264)
4(261 263 264 262)
4(263 265 266 264)
4(265 253 254 266)
4(269 257 258 270)
4(267 269 270 268)
4(267 268 256 255)
4(269 271 272 270)
4(275 263 264 276)
4(273 275 276 274)
4(275 277 278 276)
4(277 265 266 278)
4(281 269 270 282)
4(279 281 282 280)
4(279 280 268 267)
4(281 283 284 282)
4(287 275 276 288)
4(285 287 288 286)
4(287 289 290 288)
4(289 277 278 290)
4(293 281 282 294)
4(291 293 294 292)
4(291 292 280 279)
4(293 295 296 294)
4(299 287 288 300)
4(297 299 300 298)
4(299 301 302 300)
4(301 289 290 302)
4(305 293 294 306)
4(303 305 306 304)
4(303 304 292 291)
4(305 307 308 306)
4(311 299 300 312)
4(309 311 312 310)
4(311 313 314 312)
4(313 301 302 314)
4(317 305 306 318)
4(315 317 318 316)
4(315 316 304 303)
4(317 319 320 318)
4(323 311 312 324)
4(321 323 324 322)
4(323 325 326 324)
4(325 313 314 326)
4(329 317 318 330)
4(327 329 330 328)
4(327 328 316 315)
4(329 331 332 330)
4(335 323 324 336)
4(333 335 336 334)
4(335 337 338 336)
4(337 325 326 338)
4(341 329 330 342)
4(339 341 342 340)
4(339 340 328 327)
4(341 343 344 342)
4(347 335 336 348)
4(345 347 348 346)
4(347 349 350 348)
4(349 337 338 350)
4(353 341 342 354)
4(351 353 354 352)
4(351 352 340 339)
4(353 355 356 354)
4(359 347 348 360)
4(357 359 360 358)
4(359 361 362 360)
4(361 349 350 362)
4(365 353 354 366)
4(363 365 366 364)
4(363 364 352 351)
4(365 367 368 366)
4(371 359 360 372)
4(369 371 372 370)
4(371 373 374 372)
4(373 361 362 374)
4(377 365 366 378)
4(375 377 378 376)
4(375 376 364 363)
4(377 379 380 378)
4(383 371 372 384)
4(381 383 384 382)
4(383 385 386 384)
4(385 373 374 386)
4(389 377 378 390)
4(387 389 390 388)
4(387 388 376 375)
4(389 391 392 390)
4(395 383 384 396)
4(393 395 396 394)
4(395 397 398 396)
4(397 385 386 398)
4(401 389 390 402)
4(399 401 402 400)
4(399 400 388 387)
4(401 403 404 402)
4(407 395 396 408)
4(405 407 408 406)
4(407 409 410 408)
4(409 397 398 410)
4(413 401 402 414)
4(411 413 414 412)
4(411 412 400 399)
4(413 415 416 414)
4(419 407 408 420)
4(417 419 420 418)
4(419 421 422 420)
4(421 409 410 422)
4(425 413 414 426)
4(423 425 426 424)
4(423 424 412 411)
4(425 427 428 426)
4(431 419 420 432)
4(429 431 432 430)
4(431 433 434 432)
4(433 421 422 434)
4(437 425 426 438)
4(435 437 438 436)
4(435 436 424 423)
4(437 439 440 438)
4(443 431 432 444)
4(441 443 444 442)
4(443 445 446 444)
4(445 433 434 446)
4(449 437 438 450)
4(447 449 450 448)
4(447 448 436 435)
4(449 451 452 450)
4(455 443 444 456)
4(453 455 456 454)
4(455 457 458 456)
4(457 445 446 458)
4(461 449 450 462)
4(459 461 462 460)
4(459 460 448 447)
4(461 463 464 462)
4(467 455 456 468)
4(465 467 468 466)
4(467 469 470 468)
4(469 457 458 470)
4(473 461 462 474)
4(471 473 474 472)
4(471 472 460 459)
4(473 475 476 474)
4(479 467 468 480)
4(477 479 480 478)
4(479 481 482 480)
4(481 469 470 482)
4(485 473 474 486)
4(483 485 486 484)
4(483 484 472 471)
4(485 487 488 486)
4(491 479 480 492)
4(489 491 492 490)
4(491 493 494 492)
4(493 481 482 494)
4(497 485 486 498)
4(495 497 498 496)
4(495 496 484 483)
4(497 499 500 498)
4(503 491 492 504)
4(501 503 504 502)
4(503 505 506 504)
4(505 493 494 506)
4(509 497 498 510)
4(507 509 510 508)
4(507 508 496 495)
4(509 511 512 510)
4(515 503 504 516)
4(513 515 516 514)
4(515 517 518 516)
4(517 505 506 518)
4(521 509 510 522)
4(519 521 522 520)
4(519 520 508 507)
4(521 523 524 522)
4(527 515 516 528)
4(525 527 528 526)
4(527 529 530 528)
4(529 517 518 530)
4(533 521 522 534)
4(531 533 534 532)
4(531 532 520 519)
4(533 535 536 534)
4(539 527 528 540)
4(537 539 540 538)
4(539 541 542 540)
4(541 529 530 542)
4(545 533 534 546)
4(543 545 546 544)
4(543 544 532 531)
4(545 547 548 546)
4(551 539 540 552)
4(549 551 552 550)
4(551 553 554 552)
4(553 541 542 554)
4(557 545 546 558)
4(555 557 558 556)
4(555 556 544 543)
4(557 559 560 558)
4(563 551 552 564)
4(561 563 564 562)
4(563 565 566 564)
4(565 553 554 566)
4(569 557 558 570)
4(567 569 570 568)
4(567 568 556 555)
4(569 571 572 570)
4(575 563 564 576)
4(573 575 576 574)
4(575 577 578 576)
4(577 565 566 578)
4(581 569 570 582)
4(579 581 582 580)
4(579 580 568 567)
4(581 583 584 582)
4(587 575 576 588)
4(585 587 588 586)
4(587 589 590 588)
4(589 577 578 590)
4(593 581 582 594)
4(591 593 594 592)
4(591 592 580 579)
4(593 595 596 594)
4(599 587 588 600)
4(597 599 600 598)
4(599 601 602 600)
4(601 589 590 602)
4(599 593 594 600)
4(601 602 592 591)
3(5 604 7)
4(1 603 604 5)
4(5 604 605 9)
3(9 605 11)
3(5 607 17)
4(9 606 607 5)
3(9 14 606)
4(5 607 608 1)
3(5 610 604)
4(1 609 610 5)
4(5 610 611 9)
3(9 611 605)
3(5 613 607)
4(9 612 613 5)
3(9 606 612)
4(5 613 614 1)
3(5 616 610)
4(1 615 616 5)
4(5 616 617 9)
3(9 617 611)
3(5 619 613)
4(9 618 619 5)
3(9 612 618)
4(5 619 620 1)
3(5 622 616)
4(1 621 622 5)
4(5 622 623 9)
3(9 623 617)
3(5 625 619)
4(9 624 625 5)
3(9 618 624)
4(5 625 626 1)
3(5 628 622)
4(1 627 628 5)
4(5 628 629 9)
3(9 629 623)
3(5 631 625)
4(9 630 631 5)
3(9 624 630)
4(5 631 632 1)
3(5 634 628)
4(1 633 634 5)
4(5 634 635 9)
3(9 635 629)
3(5 637 631)
4(9 636 637 5)
3(9 630 636)
4(5 637 638 1)
3(5 640 634)
4(1 639 640 5)
4(5 640 641 9)
3(9 641 635)
3(5 643 637)
4(9 642 643 5)
3(9 636 642)
4(5 643 644 1)
3(5 646 640)
4(1 645 646 5)
4(5 646 647 9)
3(9 647 641)
3(5 649 643)
4(9 648 649 5)
3(9 642 648)
4(5 649 650 1)
3(5 652 646)
4(1 651 652 5)
4(5 652 653 9)
3(9 653 647)
3(5 655 649)
4(9 654 655 5)
3(9 648 654)
4(5 655 656 1)
3(5 658 652)
4(1 657 658 5)
4(5 658 659 9)
3(9 659 653)
3(5 661 655)
4(9 660 661 5)
3(9 654 660)
4(5 661 662 1)
3(5 664 658)
4(1 663 664 5)
4(5 664 665 9)
3(9 665 659)
3(5 667 661)
4(9 666 667 5)
3(9 660 666)
4(5 667 668 1)
3(5 670 664)
4(1 669 670 5)
4(5 670 671 9)
3(9 671 665)
3(5 670 667)
3(9 666 671)
4(672 673 675 674)
4(8 672 674 10)
4(9 11 675 673)
4(672 676 678 674)
4(673 675 679 677)
4(683 673 685 684)
4(680 683 684 681)
4(677 682 685 673)
4(683 12 13 684)
4(673 685 14 9)
4(686 672 674 687)
4(25 686 687 26)
4(686 688 689 687)
4(692 683 684 693)
4(690 692 693 691)
4(692 27 28 693)
4(694 686 687 695)
4(37 694 695 38)
4(694 696 697 695)
4(700 692 693 701)
4(698 700 701 699)
4(700 39 40 701)
4(702 694 695 703)
4(49 702 703 50)
4(702 704 705 703)
4(708 700 701 709)
4(706 708 709 707)
4(708 51 52 709)
4(710 702 703 711)
4(61 710 711 62)
4(710 712 713 711)
4(716 708 709 717)
4(714 716 717 715)
4(716 63 64 717)
4(718 710 711 719)
4(73 718 719 74)
4(718 720 721 719)
4(724 716 717 725)
4(722 724 725 723)
4(724 75 76 725)
4(726 718 719 727)
4(85 726 727 86)
4(726 728 729 727)
4(732 724 725 733)
4(730 732 733 731)
4(732 87 88 733)
4(734 726 727 735)
4(97 734 735 98)
4(734 736 737 735)
4(740 732 733 741)
4(738 740 741 739)
4(740 99 100 741)
4(742 734 735 743)
4(109 742 743 110)
4(742 744 745 743)
4(748 740 741 749)
4(746 748 749 747)
4(748 111 112 749)
4(750 742 743 751)
4(121 750 751 122)
4(750 752 753 751)
4(756 748 749 757)
4(754 756 757 755)
4(756 123 124 757)
4(758 750 751 759)
4(133 758 759 134)
4(758 760 761 759)
4(764 756 757 765)
4(762 764 765 763)
4(764 135 136 765)
4(766 758 759 767)
4(145 766 767 146)
4(766 768 769 767)
4(772 764 765 773)
4(770 772 773 771)
4(772 147 148 773)
4(774 766 767 775)
4(157 774 775 158)
4(774 776 777 775)
4(780 772 773 781)
4(778 780 781 779)
4(780 159 160 781)
4(782 774 775 783)
4(169 782 783 170)
4(782 784 785 783)
4(788 780 781 789)
4(786 788 789 787)
4(788 171 172 789)
4(790 782 783 791)
4(181 790 791 182)
4(790 792 793 791)
4(796 788 789 797)
4(794 796 797 795)
4(796 183 184 797)
4(798 790 791 799)
4(193 798 799 194)
4(798 800 801 799)
4(804 796 797 805)
4(802 804 805 803)
4(804 195 196 805)
4(806 798 799 807)
4(205 806 807 206)
4(806 808 809 807)
4(812 804 805 813)
4(810 812 813 811)
4(812 207 208 813)
4(814 806 807 815)
4(217 814 815 218)
4(814 816 817 815)
4(820 812 813 821)
4(818 820 821 819)
4(820 219 220 821)
4(822 814 815 823)
4(229 822 823 230)
4(822 824 825 823)
4(828 820 821 829)
4(826 828 829 827)
4(828 231 232 829)
4(830 822 823 831)
4(241 830 831 242)
4(830 832 833 831)
4(836 828 829 837)
4(834 836 837 835)
4(836 243 244 837)
4(838 830 831 839)
4(253 838 839 254)
4(838 840 841 839)
4(844 836 837 845)
4(842 844 845 843)
4(844 255 256 845)
4(846 838 839 847)
4(265 846 847 266)
4(846 848 849 847)
4(852 844 845 853)
4(850 852 853 851)
4(852 267 268 853)
4(854 846 847 855)
4(277 854 855 278)
4(854 856 857 855)
4(860 852 853 861)
4(858 860 861 859)
4(860 279 280 861)
4(862 854 855 863)
4(289 862 863 290)
4(862 864 865 863)
4(868 860 861 869)
4(866 868 869 867)
4(868 291 292 869)
4(870 862 863 871)
4(301 870 871 302)
4(870 872 873 871)
4(876 868 869 877)
4(874 876 877 875)
4(876 303 304 877)
4(878 870 871 879)
4(313 878 879 314)
4(878 880 881 879)
4(884 876 877 885)
4(882 884 885 883)
4(884 315 316 885)
4(886 878 879 887)
4(325 886 887 326)
4(886 888 889 887)
4(892 884 885 893)
4(890 892 893 891)
4(892 327 328 893)
4(894 886 887 895)
4(337 894 895 338)
4(894 896 897 895)
4(900 892 893 901)
4(898 900 901 899)
4(900 339 340 901)
4(902 894 895 903)
4(349 902 903 350)
4(902 904 905 903)
4(908 900 901 909)
4(906 908 909 907)
4(908 351 352 909)
4(910 902 903 911)
4(361 910 911 362)
4(910 912 913 911)
4(916 908 909 917)
4(914 916 917 915)
4(916 363 364 917)
4(918 910 911 919)
4(373 918 919 374)
4(918 920 921 919)
4(924 916 917 925)
4(922 924 925 923)
4(924 375 376 925)
4(926 918 919 927)
4(385 926 927 386)
4(926 928 929 927)
4(932 924 925 933)
4(930 932 933 931)
4(932 387 388 933)
4(934 926 927 935)
4(397 934 935 398)
4(934 936 937 935)
4(940 932 933 941)
4(938 940 941 939)
4(940 399 400 941)
4(942 934 935 943)
4(409 942 943 410)
4(942 944 945 943)
4(948 940 941 949)
4(946 948 949 947)
4(948 411 412 949)
4(950 942 943 951)
4(421 950 951 422)
4(950 952 953 951)
4(956 948 949 957)
4(954 956 957 955)
4(956 423 424 957)
4(958 950 951 959)
4(433 958 959 434)
4(958 960 961 959)
4(964 956 957 965)
4(962 964 965 963)
4(964 435 436 965)
4(966 958 959 967)
4(445 966 967 446)
4(966 968 969 967)
4(972 964 965 973)
4(970 972 973 971)
4(972 447 448 973)
4(974 966 967 975)
4(457 974 975 458)
4(974 976 977 975)
4(980 972 973 981)
4(978 980 981 979)
4(980 459 460 981)
4(982 974 975 983)
4(469 982 983 470)
4(982 984 985 983)
4(988 980 981 989)
4(986 988 989 987)
4(988 471 472 989)
4(990 982 983 991)
4(481 990 991 482)
4(990 992 993 991)
4(996 988 989 997)
4(994 996 997 995)
4(996 483 484 997)
4(998 990 991 999)
4(493 998 999 494)
4(998 1000 1001 999)
4(1004 996 997 1005)
4(1002 1004 1005 1003)
4(1004 495 496 1005)
4(1006 998 999 1007)
4(505 1006 1007 506)
4(1006 1008 1009 1007)
4(1012 1004 1005 1013)
4(1010 1012 1013 1011)
4(1012 507 508 1013)
4(1014 1006 1007 1015)
4(517 1014 1015 518)
4(1014 1016 1017 1015)
4(1020 1012 1013 1021)
4(1018 1020 1021 1019)
4(1020 519 520 1021)
4(1022 1014 1015 1023)
4(529 1022 1023 530)
4(1022 1024 1025 1023)
4(1028 1020 1021 1029)
4(1026 1028 1029 1027)
4(1028 531 532 1029)
4(1030 1022 1023 1031)
4(541 1030 1031 542)
4(1030 1032 1033 1031)
4(1036 1028 1029 1037)
4(1034 1036 1037 1035)
4(1036 543 544 1037)
4(1038 1030 1031 1039)
4(553 1038 1039 554)
4(1038 1040 1041 1039)
4(1044 1036 1037 1045)
4(1042 1044 1045 1043)
4(1044 555 556 1045)
4(1046 1038 1039 1047)
4(565 1046 1047 566)
4(1046 1048 1049 1047)
4(1052 1044 1045 1053)
4(1050 1052 1053 1051)
4(1052 567 568 1053)
4(1054 1046 1047 1055)
4(577 1054 1055 578)
4(1054 1056 1057 1055)
4(1060 1052 1053 1061)
4(1058 1060 1061 1059)
4(1060 579 580 1061)
4(1062 1054 1055 1063)
4(589 1062 1063 590)
4(1062 1064 1065 1063)
4(1068 1060 1061 1069)
4(1066 1068 1069 1067)
4(1068 591 592 1069)
4(1070 1062 1063 1071)
4(601 1070 1071 602)
4(1070 1072 1073 1071)
4(1070 1068 1069 1071)
3(673 1074 675)
4(9 605 1074 673)
4(673 1074 1075 677)
3(673 1077 685)
4(677 1076 1077 673)
4(673 1077 606 9)
3(673 1078 1074)
4(9 611 1078 673)
4(673 1078 1079 677)
3(673 1081 1077)
4(677 1080 1081 673)
4(673 1081 612 9)
3(673 1082 1078)
4(9 617 1082 673)
4(673 1082 1083 677)
3(673 1085 1081)
4(677 1084 1085 673)
4(673 1085 618 9)
3(673 1086 1082)
4(9 623 1086 673)
4(673 1086 1087 677)
3(673 1089 1085)
4(677 1088 1089 673)
4(673 1089 624 9)
3(673 1090 1086)
4(9 629 1090 673)
4(673 1090 1091 677)
3(673 1093 1089)
4(677 1092 1093 673)
4(673 1093 630 9)
3(673 1094 1090)
4(9 635 1094 673)
4(673 1094 1095 677)
3(673 1097 1093)
4(677 1096 1097 673)
4(673 1097 636 9)
3(673 1098 1094)
4(9 641 1098 673)
4(673 1098 1099 677)
3(673 1101 1097)
4(677 1100 1101 673)
4(673 1101 642 9)
3(673 1102 1098)
4(9 647 1102 673)
4(673 1102 1103 677)
3(673 1105 1101)
4(677 1104 1105 673)
4(673 1105 648 9)
3(673 1106 1102)
4(9 653 1106 673)
4(673 1106 1107 677)
3(673 1109 1105)
4(677 1108 1109 673)
4(673 1109 654 9)
3(673 1110 1106)
4(9 659 1110 673)
4(673 1110 1111 677)
3(673 1113 1109)
4(677 1112 1113 673)
4(673 1113 660 9)
3(673 1114 1110)
4(9 665 1114 673)
4(673 1114 1115 677)
3(673 1117 1113)
4(677 1116 1117 673)
4(673 1117 666 9)
3(673 1118 1114)
4(9 671 1118 673)
4(673 1118 1119 677)
3(673 1118 1117)
4(2 6 7 3)
4(6 10 11 7)
4(13 16 17 14)
4(16 19 20 17)
4(22 24 6 2)
4(24 26 10 6)
4(28 30 16 13)
4(30 32 19 16)
4(34 36 24 22)
4(36 38 26 24)
4(40 42 30 28)
4(42 44 32 30)
4(46 48 36 34)
4(48 50 38 36)
4(52 54 42 40)
4(54 56 44 42)
4(58 60 48 46)
4(60 62 50 48)
4(64 66 54 52)
4(66 68 56 54)
4(70 72 60 58)
4(72 74 62 60)
4(76 78 66 64)
4(78 80 68 66)
4(82 84 72 70)
4(84 86 74 72)
4(88 90 78 76)
4(90 92 80 78)
4(94 96 84 82)
4(96 98 86 84)
4(100 102 90 88)
4(102 104 92 90)
4(106 108 96 94)
4(108 110 98 96)
4(112 114 102 100)
4(114 116 104 102)
4(118 120 108 106)
4(120 122 110 108)
4(124 126 114 112)
4(126 128 116 114)
4(130 132 120 118)
4(132 134 122 120)
4(136 138 126 124)
4(138 140 128 126)
4(142 144 132 130)
4(144 146 134 132)
4(148 150 138 136)
4(150 152 140 138)
4(154 156 144 142)
4(156 158 146 144)
4(160 162 150 148)
4(162 164 152 150)
4(166 168 156 154)
4(168 170 158 156)
4(172 174 162 160)
4(174 176 164 162)
4(178 180 168 166)
4(180 182 170 168)
4(184 186 174 172)
4(186 188 176 174)
4(190 192 180 178)
4(192 194 182 180)
4(196 198 186 184)
4(198 200 188 186)
4(202 204 192 190)
4(204 206 194 192)
4(208 210 198 196)
4(210 212 200 198)
4(214 216 204 202)
4(216 218 206 204)
4(220 222 210 208)
4(222 224 212 210)
4(226 228 216 214)
4(228 230 218 216)
4(232 234 222 220)
4(234 236 224 222)
4(238 240 228 226)
4(240 242 230 228)
4(244 246 234 232)
4(246 248 236 234)
4(250 252 240 238)
4(252 254 242 240)
4(256 258 246 244)
4(258 260 248 246)
4(262 264 252 250)
4(264 266 254 252)
4(268 270 258 256)
4(270 272 260 258)
4(274 276 264 262)
4(276 278 266 264)
4(280 282 270 268)
4(282 284 272 270)
4(286 288 276 274)
4(288 290 278 276)
4(292 294 282 280)
4(294 296 284 282)
4(298 300 288 286)
4(300 302 290 288)
4(304 306 294 292)
4(306 308 296 294)
4(310 312 300 298)
4(312 314 302 300)
4(316 318 306 304)
4(318 320 308 306)
4(322 324 312 310)
4(324 326 314 312)
4(328 330 318 316)
4(330 332 320 318)
4(334 336 324 322)
4(336 338 326 324)
4(340 342 330 328)
4(342 344 332 330)
4(346 348 336 334)
4(348 350 338 336)
4(352 354 342 340)
4(354 356 344 342)
4(358 360 348 346)
4(360 362 350 348)
4(364 366 354 352)
4(366 368 356 354)
4(370 372 360 358)
4(372 374 362 360)
4(376 378 366 364)
4(378 380 368 366)
4(382 384 372 370)
4(384 386 374 372)
4(388 390 378 376)
4(390 392 380 378)
4(394 396 384 382)
4(396 398 386 384)
4(400 402 390 388)
4(402 404 392 390)
4(406 408 396 394)
4(408 410 398 396)
4(412 414 402 400)
4(414 416 404 402)
4(418 420 408 406)
4(420 422 410 408)
4(424 426 414 412)
4(426 428 416 414)
4(430 432 420 418)
4(432 434 422 420)
4(436 438 426 424)
4(438 440 428 426)
4(442 444 432 430)
4(444 446 434 432)
4(448 450 438 436)
4(450 452 440 438)
4(454 456 444 442)
4(456 458 446 444)
4(460 462 450 448)
4(462 464 452 450)
4(466 468 456 454)
4(468 470 458 456)
4(472 474 462 460)
4(474 476 464 462)
4(478 480 468 466)
4(480 482 470 468)
4(484 486 474 472)
4(486 488 476 474)
4(490 492 480 478)
4(492 494 482 480)
4(496 498 486 484)
4(498 500 488 486)
4(502 504 492 490)
4(504 506 494 492)
4(508 510 498 496)
4(510 512 500 498)
4(514 516 504 502)
4(516 518 506 504)
4(520 522 510 508)
4(522 524 512 510)
4(526 528 516 514)
4(528 530 518 516)
4(532 534 522 520)
4(534 536 524 522)
4(538 540 528 526)
4(540 542 530 528)
4(544 546 534 532)
4(546 548 536 534)
4(550 552 540 538)
4(552 554 542 540)
4(556 558 546 544)
4(558 560 548 546)
4(562 564 552 550)
4(564 566 554 552)
4(568 570 558 556)
4(570 572 560 558)
4(574 576 564 562)
4(576 578 566 564)
4(580 582 570 568)
4(582 584 572 570)
4(586 588 576 574)
4(588 590 578 576)
4(592 594 582 580)
4(594 596 584 582)
4(598 600 588 586)
4(600 602 590 588)
4(602 600 594 592)
4(600 598 596 594)
4(603 3 7 604)
4(604 7 11 605)
4(606 14 17 607)
4(607 17 20 608)
4(609 603 604 610)
4(610 604 605 611)
4(612 606 607 613)
4(613 607 608 614)
4(615 609 610 616)
4(616 610 611 617)
4(618 612 613 619)
4(619 613 614 620)
4(621 615 616 622)
4(622 616 617 623)
4(624 618 619 625)
4(625 619 620 626)
4(627 621 622 628)
4(628 622 623 629)
4(630 624 625 631)
4(631 625 626 632)
4(633 627 628 634)
4(634 628 629 635)
4(636 630 631 637)
4(637 631 632 638)
4(639 633 634 640)
4(640 634 635 641)
4(642 636 637 643)
4(643 637 638 644)
4(645 639 640 646)
4(646 640 641 647)
4(648 642 643 649)
4(649 643 644 650)
4(651 645 646 652)
4(652 646 647 653)
4(654 648 649 655)
4(655 649 650 656)
4(657 651 652 658)
4(658 652 653 659)
4(660 654 655 661)
4(661 655 656 662)
4(663 657 658 664)
4(664 658 659 665)
4(666 660 661 667)
4(667 661 662 668)
4(669 663 664 670)
4(670 664 665 671)
4(671 666 667 670)
4(670 667 668 669)
4(10 674 675 11)
4(674 678 679 675)
4(681 684 685 682)
4(684 13 14 685)
4(26 687 674 10)
4(687 689 678 674)
4(691 693 684 681)
4(693 28 13 684)
4(38 695 687 26)
4(695 697 689 687)
4(699 701 693 691)
4(701 40 28 693)
4(50 703 695 38)
4(703 705 697 695)
4(707 709 701 699)
4(709 52 40 701)
4(62 711 703 50)
4(711 713 705 703)
4(715 717 709 707)
4(717 64 52 709)
4(74 719 711 62)
4(719 721 713 711)
4(723 725 717 715)
4(725 76 64 717)
4(86 727 719 74)
4(727 729 721 719)
4(731 733 725 723)
4(733 88 76 725)
4(98 735 727 86)
4(735 737 729 727)
4(739 741 733 731)
4(741 100 88 733)
4(110 743 735 98)
4(743 745 737 735)
4(747 749 741 739)
4(749 112 100 741)
4(122 751 743 110)
4(751 753 745 743)
4(755 757 749 747)
4(757 124 112 749)
4(134 759 751 122)
4(759 761 753 751)
4(763 765 757 755)
4(765 136 124 757)
4(146 767 759 134)
4(767 769 761 759)
4(771 773 765 763)
4(773 148 136 765)
4(158 775 767 146)
4(775 777 769 767)
4(779 781 773 771)
4(781 160 148 773)
4(170 783 775 158)
4(783 785 777 775)
4(787 789 781 779)
4(789 172 160 781)
4(182 791 783 170)
4(791 793 785 783)
4(795 797 789 787)
4(797 184 172 789)
4(194 799 791 182)
4(799 801 793 791)
4(803 805 797 795)
4(805 196 184 797)
4(206 807 799 194)
4(807 809 801 799)
4(811 813 805 803)
4(813 208 196 805)
4(218 815 807 206)
4(815 817 809 807)
4(819 821 813 811)
4(821 220 208 813)
4(230 823 815 218)
4(823 825 817 815)
4(827 829 821 819)
4(829 232 220 821)
4(242 831 823 230)
4(831 833 825 823)
4(835 837 829 827)
4(837 244 232 829)
4(254 839 831 242)
4(839 841 833 831)
4(843 845 837 835)
4(845 256 244 837)
4(266 847 839 254)
4(847 849 841 839)
4(851 853 845 843)
4(853 268 256 845)
4(278 855 847 266)
4(855 857 849 847)
4(859 861 853 851)
4(861 280 268 853)
4(290 863 855 278)
4(863 865 857 855)
4(867 869 861 859)
4(869 292 280 861)
4(302 871 863 290)
4(871 873 865 863)
4(875 877 869 867)
4(877 304 292 869)
4(314 879 871 302)
4(879 881 873 871)
4(883 885 877 875)
4(885 316 304 877)
4(326 887 879 314)
4(887 889 881 879)
4(891 893 885 883)
4(893 328 316 885)
4(338 895 887 326)
4(895 897 889 887)
4(899 901 893 891)
4(901 340 328 893)
4(350 903 895 338)
4(903 905 897 895)
4(907 909 901 899)
4(909 352 340 901)
4(362 911 903 350)
4(911 913 905 903)
4(915 917 909 907)
4(917 364 352 909)
4(374 919 911 362)
4(919 921 913 911)
4(923 925 917 915)
4(925 376 364 917)
4(386 927 919 374)
4(927 929 921 919)
4(931 933 925 923)
4(933 388 376 925)
4(398 935 927 386)
4(935 937 929 927)
4(939 941 933 931)
4(941 400 388 933)
4(410 943 935 398)
4(943 945 937 935)
4(947 949 941 939)
4(949 412 400 941)
4(422 951 943 410)
4(951 953 945 943)
4(955 957 949 947)
4(957 424 412 949)
4(434 959 951 422)
4(959 961 953 951)
4(963 965 957 955)
4(965 436 424 957)
4(446 967 959 434)
4(967 969 961 959)
4(971 973 965 963)
4(973 448 436 965)
4(458 975 967 446)
4(975 977 969 967)
4(979 981 973 971)
4(981 460 448 973)
4(470 983 975 458)
4(983 985 977 975)
4(987 989 981 979)
4(989 472 460 981)
4(482 991 983 470)
4(991 993 985 983)
4(995 997 989 987)
4(997 484 472 989)
4(494 999 991 482)
4(999 1001 993 991)
4(1003 1005 997 995)
4(1005 496 484 997)
4(506 1007 999 494)
4(1007 1009 1001 999)
4(1011 1013 1005 1003)
4(1013 508 496 1005)
4(518 1015 1007 506)
4(1015 1017 1009 1007)
4(1019 1021 1013 1011)
4(1021 520 508 1013)
4(530 1023 1015 518)
4(1023 1025 1017 1015)
4(1027 1029 1021 1019)
4(1029 532 520 1021)
4(542 1031 1023 530)
4(1031 1033 1025 1023)
4(1035 1037 1029 1027)
4(1037 544 532 1029)
4(554 1039 1031 542)
4(1039 1041 1033 1031)
4(1043 1045 1037 1035)
4(1045 556 544 1037)
4(566 1047 1039 554)
4(1047 1049 1041 1039)
4(1051 1053 1045 1043)
4(1053 568 556 1045)
4(578 1055 1047 566)
4(1055 1057 1049 1047)
4(1059 1061 1053 1051)
4(1061 580 568 1053)
4(590 1063 1055 578)
4(1063 1065 1057 1055)
4(1067 1069 1061 1059)
4(1069 592 580 1061)
4(602 1071 1063 590)
4(1071 1073 1065 1063)
4(1073 1071 1069 1067)
4(1071 602 592 1069)
4(605 11 675 1074)
4(1074 675 679 1075)
4(1076 682 685 1077)
4(1077 685 14 606)
4(611 605 1074 1078)
4(1078 1074 1075 1079)
4(1080 1076 1077 1081)
4(1081 1077 606 612)
4(617 611 1078 1082)
4(1082 1078 1079 1083)
4(1084 1080 1081 1085)
4(1085 1081 612 618)
4(623 617 1082 1086)
4(1086 1082 1083 1087)
4(1088 1084 1085 1089)
4(1089 1085 618 624)
4(629 623 1086 1090)
4(1090 1086 1087 1091)
4(1092 1088 1089 1093)
4(1093 1089 624 630)
4(635 629 1090 1094)
4(1094 1090 1091 1095)
4(1096 1092 1093 1097)
4(1097 1093 630 636)
4(641 635 1094 1098)
4(1098 1094 1095 1099)
4(1100 1096 1097 1101)
4(1101 1097 636 642)
4(647 641 1098 1102)
4(1102 1098 1099 1103)
4(1104 1100 1101 1105)
4(1105 1101 642 648)
4(653 647 1102 1106)
4(1106 1102 1103 1107)
4(1108 1104 1105 1109)
4(1109 1105 648 654)
4(659 653 1106 1110)
4(1110 1106 1107 1111)
4(1112 1108 1109 1113)
4(1113 1109 654 660)
4(665 659 1110 1114)
4(1114 1110 1111 1115)
4(1116 1112 1113 1117)
4(1117 1113 660 666)
4(671 665 1114 1118)
4(1118 1114 1115 1119)
4(1119 1116 1117 1118)
4(1118 1117 666 671)
4(0 2 3 1)
4(18 1 20 19)
4(21 22 2 0)
4(31 18 19 32)
4(33 34 22 21)
4(43 31 32 44)
4(45 46 34 33)
4(55 43 44 56)
4(57 58 46 45)
4(67 55 56 68)
4(69 70 58 57)
4(79 67 68 80)
4(81 82 70 69)
4(91 79 80 92)
4(93 94 82 81)
4(103 91 92 104)
4(105 106 94 93)
4(115 103 104 116)
4(117 118 106 105)
4(127 115 116 128)
4(129 130 118 117)
4(139 127 128 140)
4(141 142 130 129)
4(151 139 140 152)
4(153 154 142 141)
4(163 151 152 164)
4(165 166 154 153)
4(175 163 164 176)
4(177 178 166 165)
4(187 175 176 188)
4(189 190 178 177)
4(199 187 188 200)
4(201 202 190 189)
4(211 199 200 212)
4(213 214 202 201)
4(223 211 212 224)
4(225 226 214 213)
4(235 223 224 236)
4(237 238 226 225)
4(247 235 236 248)
4(249 250 238 237)
4(259 247 248 260)
4(261 262 250 249)
4(271 259 260 272)
4(273 274 262 261)
4(283 271 272 284)
4(285 286 274 273)
4(295 283 284 296)
4(297 298 286 285)
4(307 295 296 308)
4(309 310 298 297)
4(319 307 308 320)
4(321 322 310 309)
4(331 319 320 332)
4(333 334 322 321)
4(343 331 332 344)
4(345 346 334 333)
4(355 343 344 356)
4(357 358 346 345)
4(367 355 356 368)
4(369 370 358 357)
4(379 367 368 380)
4(381 382 370 369)
4(391 379 380 392)
4(393 394 382 381)
4(403 391 392 404)
4(405 406 394 393)
4(415 403 404 416)
4(417 418 406 405)
4(427 415 416 428)
4(429 430 418 417)
4(439 427 428 440)
4(441 442 430 429)
4(451 439 440 452)
4(453 454 442 441)
4(463 451 452 464)
4(465 466 454 453)
4(475 463 464 476)
4(477 478 466 465)
4(487 475 476 488)
4(489 490 478 477)
4(499 487 488 500)
4(501 502 490 489)
4(511 499 500 512)
4(513 514 502 501)
4(523 511 512 524)
4(525 526 514 513)
4(535 523 524 536)
4(537 538 526 525)
4(547 535 536 548)
4(549 550 538 537)
4(559 547 548 560)
4(561 562 550 549)
4(571 559 560 572)
4(573 574 562 561)
4(583 571 572 584)
4(585 586 574 573)
4(595 583 584 596)
4(597 598 586 585)
4(597 595 596 598)
3(1 3 603)
3(1 608 20)
3(1 603 609)
3(1 614 608)
3(1 609 615)
3(1 620 614)
3(1 615 621)
3(1 626 620)
3(1 621 627)
3(1 632 626)
3(1 627 633)
3(1 638 632)
3(1 633 639)
3(1 644 638)
3(1 639 645)
3(1 650 644)
3(1 645 651)
3(1 656 650)
3(1 651 657)
3(1 662 656)
3(1 657 663)
3(1 668 662)
3(1 663 669)
3(1 669 668)
4(0 1 5 4)
4(4 5 9 8)
4(12 9 5 15)
4(15 5 1 18)
4(21 0 4 23)
4(23 4 8 25)
4(27 12 15 29)
4(29 15 18 31)
4(33 21 23 35)
4(35 23 25 37)
4(39 27 29 41)
4(41 29 31 43)
4(45 33 35 47)
4(47 35 37 49)
4(51 39 41 53)
4(53 41 43 55)
4(57 45 47 59)
4(59 47 49 61)
4(63 51 53 65)
4(65 53 55 67)
4(69 57 59 71)
4(71 59 61 73)
4(75 63 65 77)
4(77 65 67 79)
4(81 69 71 83)
4(83 71 73 85)
4(87 75 77 89)
4(89 77 79 91)
4(93 81 83 95)
4(95 83 85 97)
4(99 87 89 101)
4(101 89 91 103)
4(105 93 95 107)
4(107 95 97 109)
4(111 99 101 113)
4(113 101 103 115)
4(117 105 107 119)
4(119 107 109 121)
4(123 111 113 125)
4(125 113 115 127)
4(129 117 119 131)
4(131 119 121 133)
4(135 123 125 137)
4(137 125 127 139)
4(141 129 131 143)
4(143 131 133 145)
4(147 135 137 149)
4(149 137 139 151)
4(153 141 143 155)
4(155 143 145 157)
4(159 147 149 161)
4(161 149 151 163)
4(165 153 155 167)
4(167 155 157 169)
4(171 159 161 173)
4(173 161 163 175)
4(177 165 167 179)
4(179 167 169 181)
4(183 171 173 185)
4(185 173 175 187)
4(189 177 179 191)
4(191 179 181 193)
4(195 183 185 197)
4(197 185 187 199)
4(201 189 191 203)
4(203 191 193 205)
4(207 195 197 209)
4(209 197 199 211)
4(213 201 203 215)
4(215 203 205 217)
4(219 207 209 221)
4(221 209 211 223)
4(225 213 215 227)
4(227 215 217 229)
4(231 219 221 233)
4(233 221 223 235)
4(237 225 227 239)
4(239 227 229 241)
4(243 231 233 245)
4(245 233 235 247)
4(249 237 239 251)
4(251 239 241 253)
4(255 243 245 257)
4(257 245 247 259)
4(261 249 251 263)
4(263 251 253 265)
4(267 255 257 269)
4(269 257 259 271)
4(273 261 263 275)
4(275 263 265 277)
4(279 267 269 281)
4(281 269 271 283)
4(285 273 275 287)
4(287 275 277 289)
4(291 279 281 293)
4(293 281 283 295)
4(297 285 287 299)
4(299 287 289 301)
4(303 291 293 305)
4(305 293 295 307)
4(309 297 299 311)
4(311 299 301 313)
4(315 303 305 317)
4(317 305 307 319)
4(321 309 311 323)
4(323 311 313 325)
4(327 315 317 329)
4(329 317 319 331)
4(333 321 323 335)
4(335 323 325 337)
4(339 327 329 341)
4(341 329 331 343)
4(345 333 335 347)
4(347 335 337 349)
4(351 339 341 353)
4(353 341 343 355)
4(357 345 347 359)
4(359 347 349 361)
4(363 351 353 365)
4(365 353 355 367)
4(369 357 359 371)
4(371 359 361 373)
4(375 363 365 377)
4(377 365 367 379)
4(381 369 371 383)
4(383 371 373 385)
4(387 375 377 389)
4(389 377 379 391)
4(393 381 383 395)
4(395 383 385 397)
4(399 387 389 401)
4(401 389 391 403)
4(405 393 395 407)
4(407 395 397 409)
4(411 399 401 413)
4(413 401 403 415)
4(417 405 407 419)
4(419 407 409 421)
4(423 411 413 425)
4(425 413 415 427)
4(429 417 419 431)
4(431 419 421 433)
4(435 423 425 437)
4(437 425 427 439)
4(441 429 431 443)
4(443 431 433 445)
4(447 435 437 449)
4(449 437 439 451)
4(453 441 443 455)
4(455 443 445 457)
4(459 447 449 461)
4(461 449 451 463)
4(465 453 455 467)
4(467 455 457 469)
4(471 459 461 473)
4(473 461 463 475)
4(477 465 467 479)
4(479 467 469 481)
4(483 471 473 485)
4(485 473 475 487)
4(489 477 479 491)
4(491 479 481 493)
4(495 483 485 497)
4(497 485 487 499)
4(501 489 491 503)
4(503 491 493 505)
4(507 495 497 509)
4(509 497 499 511)
4(513 501 503 515)
4(515 503 505 517)
4(519 507 509 521)
4(521 509 511 523)
4(525 513 515 527)
4(527 515 517 529)
4(531 519 521 533)
4(533 521 523 535)
4(537 525 527 539)
4(539 527 529 541)
4(543 531 533 545)
4(545 533 535 547)
4(549 537 539 551)
4(551 539 541 553)
4(555 543 545 557)
4(557 545 547 559)
4(561 549 551 563)
4(563 551 553 565)
4(567 555 557 569)
4(569 557 559 571)
4(573 561 563 575)
4(575 563 565 577)
4(579 567 569 581)
4(581 569 571 583)
4(585 573 575 587)
4(587 575 577 589)
4(591 579 581 593)
4(593 581 583 595)
4(597 585 587 599)
4(599 587 589 601)
4(601 591 593 599)
4(599 593 595 597)
4(8 9 673 672)
4(672 673 677 676)
4(680 677 673 683)
4(683 673 9 12)
4(25 8 672 686)
4(686 672 676 688)
4(690 680 683 692)
4(692 683 12 27)
4(37 25 686 694)
4(694 686 688 696)
4(698 690 692 700)
4(700 692 27 39)
4(49 37 694 702)
4(702 694 696 704)
4(706 698 700 708)
4(708 700 39 51)
4(61 49 702 710)
4(710 702 704 712)
4(714 706 708 716)
4(716 708 51 63)
4(73 61 710 718)
4(718 710 712 720)
4(722 714 716 724)
4(724 716 63 75)
4(85 73 718 726)
4(726 718 720 728)
4(730 722 724 732)
4(732 724 75 87)
4(97 85 726 734)
4(734 726 728 736)
4(738 730 732 740)
4(740 732 87 99)
4(109 97 734 742)
4(742 734 736 744)
4(746 738 740 748)
4(748 740 99 111)
4(121 109 742 750)
4(750 742 744 752)
4(754 746 748 756)
4(756 748 111 123)
4(133 121 750 758)
4(758 750 752 760)
4(762 754 756 764)
4(764 756 123 135)
4(145 133 758 766)
4(766 758 760 768)
4(770 762 764 772)
4(772 764 135 147)
4(157 145 766 774)
4(774 766 768 776)
4(778 770 772 780)
4(780 772 147 159)
4(169 157 774 782)
4(782 774 776 784)
4(786 778 780 788)
4(788 780 159 171)
4(181 169 782 790)
4(790 782 784 792)
4(794 786 788 796)
4(796 788 171 183)
4(193 181 790 798)
4(798 790 792 800)
4(802 794 796 804)
4(804 796 183 195)
4(205 193 798 806)
4(806 798 800 808)
4(810 802 804 812)
4(812 804 195 207)
4(217 205 806 814)
4(814 806 808 816)
4(818 810 812 820)
4(820 812 207 219)
4(229 217 814 822)
4(822 814 816 824)
4(826 818 820 828)
4(828 820 219 231)
4(241 229 822 830)
4(830 822 824 832)
4(834 826 828 836)
4(836 828 231 243)
4(253 241 830 838)
4(838 830 832 840)
4(842 834 836 844)
4(844 836 243 255)
4(265 253 838 846)
4(846 838 840 848)
4(850 842 844 852)
4(852 844 255 267)
4(277 265 846 854)
4(854 846 848 856)
4(858 850 852 860)
4(860 852 267 279)
4(289 277 854 862)
4(862 854 856 864)
4(866 858 860 868)
4(868 860 279 291)
4(301 289 862 870)
4(870 862 864 872)
4(874 866 868 876)
4(876 868 291 303)
4(313 301 870 878)
4(878 870 872 880)
4(882 874 876 884)
4(884 876 303 315)
4(325 313 878 886)
4(886 878 880 888)
4(890 882 884 892)
4(892 884 315 327)
4(337 325 886 894)
4(894 886 888 896)
4(898 890 892 900)
4(900 892 327 339)
4(349 337 894 902)
4(902 894 896 904)
4(906 898 900 908)
4(908 900 339 351)
4(361 349 902 910)
4(910 902 904 912)
4(914 906 908 916)
4(916 908 351 363)
4(373 361 910 918)
4(918 910 912 920)
4(922 914 916 924)
4(924 916 363 375)
4(385 373 918 926)
4(926 918 920 928)
4(930 922 924 932)
4(932 924 375 387)
4(397 385 926 934)
4(934 926 928 936)
4(938 930 932 940)
4(940 932 387 399)
4(409 397 934 942)
4(942 934 936 944)
4(946 938 940 948)
4(948 940 399 411)
4(421 409 942 950)
4(950 942 944 952)
4(954 946 948 956)
4(956 948 411 423)
4(433 421 950 958)
4(958 950 952 960)
4(962 954 956 964)
4(964 956 423 435)
4(445 433 958 966)
4(966 958 960 968)
4(970 962 964 972)
4(972 964 435 447)
4(457 445 966 974)
4(974 966 968 976)
4(978 970 972 980)
4(980 972 447 459)
4(469 457 974 982)
4(982 974 976 984)
4(986 978 980 988)
4(988 980 459 471)
4(481 469 982 990)
4(990 982 984 992)
4(994 986 988 996)
4(996 988 471 483)
4(493 481 990 998)
4(998 990 992 1000)
4(1002 994 996 1004)
4(1004 996 483 495)
4(505 493 998 1006)
4(1006 998 1000 1008)
4(1010 1002 1004 1012)
4(1012 1004 495 507)
4(517 505 1006 1014)
4(1014 1006 1008 1016)
4(1018 1010 1012 1020)
4(1020 1012 507 519)
4(529 517 1014 1022)
4(1022 1014 1016 1024)
4(1026 1018 1020 1028)
4(1028 1020 519 531)
4(541 529 1022 1030)
4(1030 1022 1024 1032)
4(1034 1026 1028 1036)
4(1036 1028 531 543)
4(553 541 1030 1038)
4(1038 1030 1032 1040)
4(1042 1034 1036 1044)
4(1044 1036 543 555)
4(565 553 1038 1046)
4(1046 1038 1040 1048)
4(1050 1042 1044 1052)
4(1052 1044 555 567)
4(577 565 1046 1054)
4(1054 1046 1048 1056)
4(1058 1050 1052 1060)
4(1060 1052 567 579)
4(589 577 1054 1062)
4(1062 1054 1056 1064)
4(1066 1058 1060 1068)
4(1068 1060 579 591)
4(601 589 1062 1070)
4(1070 1062 1064 1072)
4(1072 1066 1068 1070)
4(1070 1068 591 601)
4(676 677 679 678)
4(680 681 682 677)
4(688 676 678 689)
4(690 691 681 680)
4(696 688 689 697)
4(698 699 691 690)
4(704 696 697 705)
4(706 707 699 698)
4(712 704 705 713)
4(714 715 707 706)
4(720 712 713 721)
4(722 723 715 714)
4(728 720 721 729)
4(730 731 723 722)
4(736 728 729 737)
4(738 739 731 730)
4(744 736 737 745)
4(746 747 739 738)
4(752 744 745 753)
4(754 755 747 746)
4(760 752 753 761)
4(762 763 755 754)
4(768 760 761 769)
4(770 771 763 762)
4(776 768 769 777)
4(778 779 771 770)
4(784 776 777 785)
4(786 787 779 778)
4(792 784 785 793)
4(794 795 787 786)
4(800 792 793 801)
4(802 803 795 794)
4(808 800 801 809)
4(810 811 803 802)
4(816 808 809 817)
4(818 819 811 810)
4(824 816 817 825)
4(826 827 819 818)
4(832 824 825 833)
4(834 835 827 826)
4(840 832 833 841)
4(842 843 835 834)
4(848 840 841 849)
4(850 851 843 842)
4(856 848 849 857)
4(858 859 851 850)
4(864 856 857 865)
4(866 867 859 858)
4(872 864 865 873)
4(874 875 867 866)
4(880 872 873 881)
4(882 883 875 874)
4(888 880 881 889)
4(890 891 883 882)
4(896 888 889 897)
4(898 899 891 890)
4(904 896 897 905)
4(906 907 899 898)
4(912 904 905 913)
4(914 915 907 906)
4(920 912 913 921)
4(922 923 915 914)
4(928 920 921 929)
4(930 931 923 922)
4(936 928 929 937)
4(938 939 931 930)
4(944 936 937 945)
4(946 947 939 938)
4(952 944 945 953)
4(954 955 947 946)
4(960 952 953 961)
4(962 963 955 954)
4(968 960 961 969)
4(970 971 963 962)
4(976 968 969 977)
4(978 979 971 970)
4(984 976 977 985)
4(986 987 979 978)
4(992 984 985 993)
4(994 995 987 986)
4(1000 992 993 1001)
4(1002 1003 995 994)
4(1008 1000 1001 1009)
4(1010 1011 1003 1002)
4(1016 1008 1009 1017)
4(1018 1019 1011 1010)
4(1024 1016 1017 1025)
4(1026 1027 1019 1018)
4(1032 1024 1025 1033)
4(1034 1035 1027 1026)
4(1040 1032 1033 1041)
4(1042 1043 1035 1034)
4(1048 1040 1041 1049)
4(1050 1051 1043 1042)
4(1056 1048 1049 1057)
4(1058 1059 1051 1050)
4(1064 1056 1057 1065)
4(1066 1067 1059 1058)
4(1072 1064 1065 1073)
4(1072 1073 1067 1066)
3(677 1075 679)
3(677 682 1076)
3(677 1079 1075)
3(677 1076 1080)
3(677 1083 1079)
3(677 1080 1084)
3(677 1087 1083)
3(677 1084 1088)
3(677 1091 1087)
3(677 1088 1092)
3(677 1095 1091)
3(677 1092 1096)
3(677 1099 1095)
3(677 1096 1100)
3(677 1103 1099)
3(677 1100 1104)
3(677 1107 1103)
3(677 1104 1108)
3(677 1111 1107)
3(677 1108 1112)
3(677 1115 1111)
3(677 1112 1116)
3(677 1119 1115)
3(677 1116 1119)
)


// ************************************************************************* //
