/*--------------------------------*- C++ -*----------------------------------*\
| =========                 |                                                 |
| \\      /  F ield         | OpenFOAM: The Open Source CFD Toolbox           |
|  \\    /   O peration     | Version:  5.x                                   |
|   \\  /    A nd           | Web:      www.OpenFOAM.org                      |
|    \\/     M anipulation  |                                                 |
\*---------------------------------------------------------------------------*/
FoamFile
{
    version     2.0;
    format      ascii;
    class       labelList;
    note        "nPoints: 1120 nCells: 496 nFaces: 2012 nInternalFaces: 868";
    location    "constant/polyMesh";
    object      neighbour;
}
// * * * * * * * * * * * * * * * * * * * * * * * * * * * * * * * * * * * * * //


868
(
1
4
200
5
201
248
3
6
202
251
7
203
5
8
9
252
7
10
255
11
9
12
13
256
11
14
259
15
13
16
17
260
15
18
263
19
17
20
21
264
19
22
267
23
21
24
25
268
23
26
271
27
25
28
29
272
27
30
275
31
29
32
33
276
31
34
279
35
33
36
37
280
35
38
283
39
37
40
41
284
39
42
287
43
41
44
45
288
43
46
291
47
45
48
49
292
47
50
295
51
49
52
53
296
51
54
299
55
53
56
57
300
55
58
303
59
57
60
61
304
59
62
307
63
61
64
65
308
63
66
311
67
65
68
69
312
67
70
315
71
69
72
73
316
71
74
319
75
73
76
77
320
75
78
323
79
77
80
81
324
79
82
327
83
81
84
85
328
83
86
331
87
85
88
89
332
87
90
335
91
89
92
93
336
91
94
339
95
93
96
97
340
95
98
343
99
97
100
101
344
99
102
347
103
101
104
105
348
103
106
351
107
105
108
109
352
107
110
355
111
109
112
113
356
111
114
359
115
113
116
117
360
115
118
363
119
117
120
121
364
119
122
367
123
121
124
125
368
123
126
371
127
125
128
129
372
127
130
375
131
129
132
133
376
131
134
379
135
133
136
137
380
135
138
383
139
137
140
141
384
139
142
387
143
141
144
145
388
143
146
391
147
145
148
149
392
147
150
395
151
149
152
153
396
151
154
399
155
153
156
157
400
155
158
403
159
157
160
161
404
159
162
407
163
161
164
165
408
163
166
411
167
165
168
169
412
167
170
415
171
169
172
173
416
171
174
419
175
173
176
177
420
175
178
423
179
177
180
181
424
179
182
427
183
181
184
185
428
183
186
431
187
185
188
189
432
187
190
435
191
189
192
193
436
191
194
439
195
193
196
197
440
195
198
443
199
197
199
198
444
199
447
201
204
205
448
203
206
451
207
205
208
209
452
207
210
455
211
209
212
213
456
211
214
459
215
213
216
217
460
215
218
463
219
217
220
221
464
219
222
467
223
221
224
225
468
223
226
471
227
225
228
229
472
227
230
475
231
229
232
233
476
231
234
479
235
233
236
237
480
235
238
483
239
237
240
241
484
239
242
487
243
241
244
245
488
243
246
491
247
245
247
246
492
247
495
249
252
448
253
449
251
254
450
255
451
253
256
257
255
258
259
257
260
261
259
262
263
261
264
265
263
266
267
265
268
269
267
270
271
269
272
273
271
274
275
273
276
277
275
278
279
277
280
281
279
282
283
281
284
285
283
286
287
285
288
289
287
290
291
289
292
293
291
294
295
293
296
297
295
298
299
297
300
301
299
302
303
301
304
305
303
306
307
305
308
309
307
310
311
309
312
313
311
314
315
313
316
317
315
318
319
317
320
321
319
322
323
321
324
325
323
326
327
325
328
329
327
330
331
329
332
333
331
334
335
333
336
337
335
338
339
337
340
341
339
342
343
341
344
345
343
346
347
345
348
349
347
350
351
349
352
353
351
354
355
353
356
357
355
358
359
357
360
361
359
362
363
361
364
365
363
366
367
365
368
369
367
370
371
369
372
373
371
374
375
373
376
377
375
378
379
377
380
381
379
382
383
381
384
385
383
386
387
385
388
389
387
390
391
389
392
393
391
394
395
393
396
397
395
398
399
397
400
401
399
402
403
401
404
405
403
406
407
405
408
409
407
410
411
409
412
413
411
414
415
413
416
417
415
418
419
417
420
421
419
422
423
421
424
425
423
426
427
425
428
429
427
430
431
429
432
433
431
434
435
433
436
437
435
438
439
437
440
441
439
442
443
441
444
445
443
446
447
445
447
446
447
449
452
453
451
454
455
453
456
457
455
458
459
457
460
461
459
462
463
461
464
465
463
466
467
465
468
469
467
470
471
469
472
473
471
474
475
473
476
477
475
478
479
477
480
481
479
482
483
481
484
485
483
486
487
485
488
489
487
490
491
489
492
493
491
494
495
493
495
494
495
)


// ************************************************************************* //
