/*--------------------------------*- C++ -*----------------------------------*\
| =========                 |                                                 |
| \\      /  F ield         | OpenFOAM: The Open Source CFD Toolbox           |
|  \\    /   O peration     | Version:  5.x                                   |
|   \\  /    A nd           | Web:      www.OpenFOAM.org                      |
|    \\/     M anipulation  |                                                 |
\*---------------------------------------------------------------------------*/
FoamFile
{
    version     2.0;
    format      ascii;
    class       vectorField;
    location    "constant/polyMesh";
    object      points;
}
// * * * * * * * * * * * * * * * * * * * * * * * * * * * * * * * * * * * * * //


1120
(
(2.140908 0.000499 0)
(2.143 0 0)
(10.095188 11.094466 0)
(10.606602 10.606602 0)
(1.9172315 0.030934 1.180068)
(1.919 0.03052 1.1802)
(10.095188 11.094466 1.180068)
(10.606602 10.606602 1.1802)
(1.693555 0.061369 2.360136)
(1.695 0.06104 2.3604)
(10.095188 11.094466 2.360136)
(10.606602 10.606602 2.3604)
(1.693525 0.0609 2.360131)
(10.095188 -11.094466 2.360131)
(10.606602 -10.606602 2.3604)
(1.917193 0.030342 1.1800655)
(10.095188 -11.094466 1.1800655)
(10.606602 -10.606602 1.1802)
(2.140861 -0.000216 0)
(10.095188 -11.094466 0)
(10.606602 -10.606602 0)
(2.134644 0.001987 0)
(9.56136 11.557699 0)
(1.9119345 0.032168 1.179673)
(9.56136 11.557699 1.179673)
(1.689225 0.062349 2.359346)
(9.56136 11.557699 2.359346)
(1.689105 0.060479 2.359324)
(9.56136 -11.557699 2.359324)
(1.9117805 0.0298075 1.179662)
(9.56136 -11.557699 1.179662)
(2.134456 -0.000864 0)
(9.56136 -11.557699 0)
(2.124229 0.004449 0)
(9.006303 11.99527 0)
(1.903126 0.03421 1.1790155)
(9.006303 11.99527 1.1790155)
(1.682023 0.063971 2.358031)
(9.006303 11.99527 2.358031)
(1.681758 0.05978 2.357983)
(9.006303 -11.99527 2.357983)
(1.902785 0.0289215 1.1789915)
(9.006303 -11.99527 1.1789915)
(2.123812 -0.001937 0)
(9.006303 -11.99527 0)
(2.109702 0.007854 0)
(8.431251 12.406209 0)
(1.890837 0.0370345 1.178099)
(8.431251 12.406209 1.178099)
(1.671972 0.066215 2.356198)
(8.431251 12.406209 2.356198)
(1.671508 0.058812 2.356113)
(8.431251 -12.406209 2.356113)
(1.8902395 0.0276935 1.1780565)
(8.431251 -12.406209 1.1780565)
(2.108971 -0.003425 0)
(8.431251 -12.406209 0)
(2.091116 0.012162 0)
(7.837478 12.789602 0)
(1.87511 0.040609 1.1769265)
(7.837478 12.789602 1.1769265)
(1.659104 0.069056 2.353853)
(7.837478 12.789602 2.353853)
(1.658394 0.057581 2.353723)
(7.837478 -12.789602 2.353723)
(1.8741965 0.0261355 1.1768615)
(7.837478 -12.789602 1.1768615)
(2.089999 -0.00531 0)
(7.837478 -12.789602 0)
(2.068537 0.01732 0)
(7.226305 13.1446 0)
(1.8559975 0.04489 1.175502)
(7.226305 13.1446 1.175502)
(1.643458 0.07246 2.351004)
(7.226305 13.1446 2.351004)
(1.642464 0.056096 2.350823)
(7.226305 -13.1446 2.350823)
(1.8547195 0.024257 1.1754115)
(7.226305 -13.1446 1.1754115)
(2.066975 -0.007582 0)
(7.226305 -13.1446 0)
(2.04205 0.023273 0)
(6.599088 13.470414 0)
(1.8335675 0.049833 1.173831)
(6.599088 13.470414 1.173831)
(1.625085 0.076393 2.347662)
(6.599088 13.470414 2.347662)
(1.623776 0.05437 2.347424)
(6.599088 -13.470414 2.347424)
(1.8318855 0.022077 1.173712)
(6.599088 -13.470414 1.173712)
(2.039995 -0.010216 0)
(6.599088 -13.470414 0)
(2.011752 0.029951 0)
(5.957218 13.766319 0)
(1.807898 0.0553795 1.17192)
(5.957218 13.766319 1.17192)
(1.604044 0.080808 2.34384)
(5.957218 13.766319 2.34384)
(1.602398 0.052414 2.34354)
(5.957218 -13.766319 2.34354)
(1.805785 0.019612 1.17177)
(5.957218 -13.766319 1.17177)
(2.009172 -0.01319 0)
(5.957218 -13.766319 0)
(1.977758 0.037282 0)
(5.302123 14.03166 0)
(1.7790805 0.061472 1.1697755)
(5.302123 14.03166 1.1697755)
(1.580403 0.085662 2.339551)
(5.302123 14.03166 2.339551)
(1.578409 0.05024 2.339189)
(5.302123 -14.03166 2.339189)
(1.776523 0.016878 1.1695945)
(5.302123 -14.03166 1.1695945)
(1.974637 -0.016484 0)
(5.302123 -14.03166 0)
(1.940191 0.045185 0)
(4.635255 14.265848 0)
(1.747215 0.0680425 1.167406)
(4.635255 14.265848 1.167406)
(1.554239 0.0909 2.334812)
(4.635255 14.265848 2.334812)
(1.551897 0.047863 2.334387)
(4.635255 -14.265848 2.334387)
(1.744215 0.013896 1.1671935)
(4.635255 -14.265848 1.1671935)
(1.936533 -0.020071 0)
(4.635255 -14.265848 0)
(1.899195 0.053581 0)
(3.958096 14.468361 0)
(1.7124175 0.0750265 1.1648205)
(3.958096 14.468361 1.1648205)
(1.52564 0.096472 2.329641)
(3.958096 14.468361 2.329641)
(1.522958 0.045296 2.329155)
(3.958096 -14.468361 2.329155)
(1.708987 0.0106835 1.1645775)
(3.958096 -14.468361 1.1645775)
(1.895016 -0.023929 0)
(3.958096 -14.468361 0)
(1.854923 0.062381 0)
(3.272149 14.638751 0)
(1.674811 0.082351 1.1620285)
(3.272149 14.638751 1.1620285)
(1.494699 0.102321 2.324057)
(3.272149 14.638751 2.324057)
(1.491699 0.042551 2.323515)
(3.272149 -14.638751 2.323515)
(1.6709785 0.007259 1.1617575)
(3.272149 -14.638751 1.1617575)
(1.850258 -0.028033 0)
(3.272149 -14.638751 0)
(1.807543 0.071501 0)
(2.578937 14.77664 0)
(1.634533 0.0899465 1.1590405)
(2.578937 14.77664 1.1590405)
(1.461523 0.108392 2.318081)
(2.578937 14.77664 2.318081)
(1.458234 0.039645 2.317488)
(2.578937 -14.77664 2.317488)
(1.6303375 0.003644 1.158744)
(2.578937 -14.77664 1.158744)
(1.802441 -0.032357 0)
(2.578937 -14.77664 0)
(1.757239 0.080851 0)
(1.879999 14.881721 0)
(1.5917325 0.097739 1.1558685)
(1.879999 14.881721 1.1558685)
(1.426226 0.114627 2.311737)
(1.879999 14.881721 2.311737)
(1.422687 0.03659 2.311101)
(1.879999 -14.881721 2.311101)
(1.587224 -0.0001435 1.1555505)
(1.879999 -14.881721 1.1555505)
(1.751761 -0.036877 0)
(1.879999 -14.881721 0)
(1.704199 0.09034 0)
(1.176886 14.95376 0)
(1.5465645 0.1056525 1.152524)
(1.176886 14.95376 1.152524)
(1.38893 0.120965 2.305048)
(1.176886 14.95376 2.305048)
(1.385189 0.033403 2.304378)
(1.176886 -14.95376 2.304378)
(1.5418075 -0.00408 1.152189)
(1.176886 -14.95376 1.152189)
(1.698426 -0.041563 0)
(1.176886 -14.95376 0)
(1.648629 0.099885 0)
(0.471161 14.992598 0)
(1.499197 0.1136175 1.1490205)
(0.471161 14.992598 1.1490205)
(1.349765 0.12735 2.298041)
(0.471161 14.992598 2.298041)
(1.345879 0.030097 2.297346)
(0.471161 -14.992598 2.297346)
(1.4942635 -0.0081495 1.148673)
(0.471161 -14.992598 1.148673)
(1.642648 -0.046396 0)
(0.471161 -14.992598 0)
(1.590742 0.109394 0)
(-0.23561 14.998149 0)
(1.4496695 0.1215705 1.14648)
(-0.23561 14.998149 1.14648)
(1.308597 0.133747 2.29296)
(-0.23561 14.998149 2.29296)
(1.304546 0.026791 2.29296)
(-0.23561 -14.998149 2.29296)
(1.4446 -0.0122745 1.14648)
(-0.23561 -14.998149 1.14648)
(1.584654 -0.05134 0)
(-0.23561 -14.998149 0)
(1.530766 0.118778 0)
(-0.941858 14.970401 0)
(1.398014 0.129447 1.14648)
(-0.941858 14.970401 1.14648)
(1.265262 0.140116 2.29296)
(-0.941858 14.970401 2.29296)
(1.26121 0.023569 2.29296)
(-0.941858 -14.970401 2.29296)
(1.392944 -0.0164 1.14648)
(-0.941858 -14.970401 1.14648)
(1.524678 -0.056369 0)
(-0.941858 -14.970401 0)
(1.468934 0.127952 0)
(-1.646015 14.909414 0)
(1.344761 0.137145 1.14648)
(-1.646015 14.909414 1.14648)
(1.220588 0.146338 2.29296)
(-1.646015 14.909414 2.29296)
(1.216611 0.020308 2.29296)
(-1.646015 -14.909414 2.29296)
(1.3397845 -0.020569 1.14648)
(-1.646015 -14.909414 1.14648)
(1.462958 -0.061446 0)
(-1.646015 -14.909414 0)
(1.405487 0.136831 0)
(-2.346517 14.815325 0)
(1.290119 0.1445925 1.14648)
(-2.346517 14.815325 1.14648)
(1.174751 0.152354 2.29296)
(-2.346517 14.815325 2.29296)
(1.170925 0.017031 2.29296)
(-2.346517 -14.815325 2.29296)
(1.285331 -0.0247515 1.14648)
(-2.346517 -14.815325 1.14648)
(1.399737 -0.066534 0)
(-2.346517 -14.815325 0)
(1.340676 0.145325 0)
(-3.041809 14.688342 0)
(1.234304 0.151715 1.14648)
(-3.041809 14.688342 1.14648)
(1.127932 0.158105 2.29296)
(-3.041809 14.688342 2.29296)
(1.124333 0.013765 2.29296)
(-3.041809 -14.688342 2.29296)
(1.2298 -0.028912 1.14648)
(-3.041809 -14.688342 1.14648)
(1.335267 -0.071589 0)
(-3.041809 -14.688342 0)
(1.274753 0.153355 0)
(-3.730348 14.528747 0)
(1.1775335 0.158445 1.14648)
(-3.730348 14.528747 1.14648)
(1.080314 0.163535 2.29296)
(-3.730348 14.528747 2.29296)
(1.077021 0.010539 2.29296)
(-3.730348 -14.528747 2.29296)
(1.173413 -0.033014 1.14648)
(-3.730348 -14.528747 1.14648)
(1.269805 -0.076567 0)
(-3.730348 -14.528747 0)
(1.207983 0.160834 0)
(-4.410605 14.336895 0)
(1.1200345 0.164711 1.14648)
(-4.410605 14.336895 1.14648)
(1.032086 0.168588 2.29296)
(-4.410605 14.336895 2.29296)
(1.029173 0.007388 2.29296)
(-4.410605 -14.336895 2.29296)
(1.116389 -0.0370135 1.14648)
(-4.410605 -14.336895 1.14648)
(1.203605 -0.081415 0)
(-4.410605 -14.336895 0)
(1.140633 0.167683 0)
(-5.081069 14.113212 0)
(1.062037 0.170445 1.14648)
(-5.081069 14.113212 1.14648)
(0.983441 0.173207 2.29296)
(-5.081069 14.113212 2.29296)
(0.980976 0.004349 2.29296)
(-5.081069 -14.113212 2.29296)
(1.058952 -0.0408635 1.14648)
(-5.081069 -14.113212 1.14648)
(1.136928 -0.086076 0)
(-5.081069 -14.113212 0)
(1.072968 0.173823 0)
(-5.740251 13.858193 0)
(1.0037705 0.175583 1.14648)
(-5.740251 13.858193 1.14648)
(0.934573 0.177343 2.29296)
(-5.740251 13.858193 2.29296)
(0.932619 0.001464 2.29296)
(-5.740251 -13.858193 2.29296)
(1.0013255 -0.044511 1.14648)
(-5.740251 -13.858193 1.14648)
(1.070032 -0.090486 0)
(-5.740251 -13.858193 0)
(1.005264 0.179178 0)
(-6.386689 13.572406 0)
(0.945471 0.18006 1.14648)
(-6.386689 13.572406 1.14648)
(0.885678 0.180942 2.29296)
(-6.386689 13.572406 2.29296)
(0.884289 -0.001223 2.29296)
(-6.386689 -13.572406 2.29296)
(0.943733 -0.047901 1.14648)
(-6.386689 -13.572406 1.14648)
(1.003177 -0.094579 0)
(-6.386689 -13.572406 0)
(0.93779 0.183677 0)
(-7.018947 13.256484 0)
(0.887371 0.1838175 1.14648)
(-7.018947 13.256484 1.14648)
(0.836952 0.183958 2.29296)
(-7.018947 13.256484 2.29296)
(0.836173 -0.003669 2.29296)
(-7.018947 -13.256484 2.29296)
(0.8863965 -0.050979 1.14648)
(-7.018947 -13.256484 1.14648)
(0.93662 -0.098289 0)
(-7.018947 -13.256484 0)
(0.870823 0.187251 0)
(-7.635621 12.91113 0)
(0.8297075 0.1867985 1.14648)
(-7.635621 12.91113 1.14648)
(0.788592 0.186346 2.29296)
(-7.635621 12.91113 2.29296)
(0.788457 -0.005825 2.29296)
(-7.635621 -12.91113 2.29296)
(0.829538 -0.0536835 1.14648)
(-7.635621 -12.91113 1.14648)
(0.870619 -0.101542 0)
(-7.635621 -12.91113 0)
(0.804133 0.189754 0)
(-8.235342 12.53711 0)
(0.772298 0.188878 1.14648)
(-8.235342 12.53711 1.14648)
(0.740463 0.188002 2.29296)
(-8.235342 12.53711 2.29296)
(0.741655 -0.007703 2.29296)
(-8.235342 -12.53711 2.29296)
(0.7737895 -0.056027 1.14648)
(-8.235342 -12.53711 1.14648)
(0.805924 -0.104351 0)
(-8.235342 -12.53711 0)
(0.73836 0.190952 0)
(-8.816779 12.135255 0)
(0.715682 0.1898575 1.14648)
(-8.816779 12.135255 1.14648)
(0.693004 0.188763 2.29296)
(-8.816779 12.135255 2.29296)
(0.695703 -0.009385 2.29296)
(-8.816779 -12.135255 2.29296)
(0.71906 -0.0581045 1.14648)
(-8.816779 -12.135255 1.14648)
(0.742417 -0.106824 0)
(-8.816779 -12.135255 0)
(0.673905 0.190813 0)
(-9.37864 11.706456 0)
(0.660201 0.18971 1.14648)
(-9.37864 11.706456 1.14648)
(0.646497 0.188607 2.29296)
(-9.37864 11.706456 2.29296)
(0.650688 -0.010814 2.29296)
(-9.37864 -11.706456 2.29296)
(0.6654455 -0.0598455 1.14648)
(-9.37864 -11.706456 1.14648)
(0.680203 -0.108877 0)
(-9.37864 -11.706456 0)
(0.611049 0.189325 0)
(-9.919678 11.251666 0)
(0.606095 0.188428 1.14648)
(-9.919678 11.251666 1.14648)
(0.601141 0.187531 2.29296)
(-9.919678 11.251666 2.29296)
(0.60677 -0.011936 2.29296)
(-9.919678 -11.251666 2.29296)
(0.6131385 -0.0611845 1.14648)
(-9.919678 -11.251666 1.14648)
(0.619507 -0.110433 0)
(-9.919678 -11.251666 0)
(0.550055 0.186495 0)
(-10.438692 10.771894 0)
(0.5535925 0.186017 1.14648)
(-10.438692 10.771894 1.14648)
(0.55713 0.185539 2.29296)
(-10.438692 10.771894 2.29296)
(0.564111 -0.012694 2.29296)
(-10.438692 -10.771894 2.29296)
(0.562329 -0.062051 1.14648)
(-10.438692 -10.771894 1.14648)
(0.560547 -0.111408 0)
(-10.438692 -10.771894 0)
(0.491188 0.182344 0)
(-10.934529 10.268207 0)
(0.5029185 0.1824965 1.14648)
(-10.934529 10.268207 1.14648)
(0.514649 0.182649 2.29296)
(-10.934529 10.268207 2.29296)
(0.522864 -0.013035 2.29296)
(-10.934529 -10.268207 2.29296)
(0.513199 -0.0623825 1.14648)
(-10.934529 -10.268207 1.14648)
(0.503534 -0.11173 0)
(-10.934529 -10.268207 0)
(0.434701 0.176909 0)
(-11.406089 9.741721 0)
(0.454291 0.177899 1.14648)
(-11.406089 9.741721 1.14648)
(0.473881 0.178889 2.29296)
(-11.406089 9.741721 2.29296)
(0.483179 -0.012914 2.29296)
(-11.406089 -9.741721 2.29296)
(0.465926 -0.0621225 1.14648)
(-11.406089 -9.741721 1.14648)
(0.448673 -0.111331 0)
(-11.406089 -9.741721 0)
(0.380835 0.170244 0)
(-11.852325 9.193606 0)
(0.407917 0.1722705 1.14648)
(-11.852325 9.193606 1.14648)
(0.434999 0.174297 2.29296)
(-11.852325 9.193606 2.29296)
(0.445201 -0.012285 2.29296)
(-11.852325 -9.193606 2.29296)
(0.4206835 -0.0612175 1.14648)
(-11.852325 -9.193606 1.14648)
(0.396166 -0.11015 0)
(-11.852325 -9.193606 0)
(0.329814 0.162414 0)
(-12.272246 8.625079 0)
(0.363989 0.165667 1.14648)
(-12.272246 8.625079 1.14648)
(0.398164 0.16892 2.29296)
(-12.272246 8.625079 2.29296)
(0.409069 -0.011113 2.29296)
(-12.272246 -8.625079 2.29296)
(0.3776355 -0.0596265 1.14648)
(-12.272246 -8.625079 1.14648)
(0.346202 -0.10814 0)
(-12.272246 -8.625079 0)
(0.281856 0.153503 0)
(-12.664919 8.037402 0)
(0.3226945 0.158161 1.14648)
(-12.664919 8.037402 1.14648)
(0.363533 0.162819 2.29296)
(-12.664919 8.037402 2.29296)
(0.374918 -0.009369 2.29296)
(-12.664919 -8.037402 2.29296)
(0.336942 -0.0573145 1.14648)
(-12.664919 -8.037402 1.14648)
(0.298966 -0.10526 0)
(-12.664919 -8.037402 0)
(0.237155 0.143605 0)
(-13.029473 7.43188 0)
(0.2842005 0.149831 1.14648)
(-13.029473 7.43188 1.14648)
(0.331246 0.156057 2.29296)
(-13.029473 7.43188 2.29296)
(0.342876 -0.007027 2.29296)
(-13.029473 -7.43188 2.29296)
(0.2987545 -0.054252 1.14648)
(-13.029473 -7.43188 1.14648)
(0.254633 -0.101477 0)
(-13.029473 -7.43188 0)
(0.195898 0.132819 0)
(-13.365098 6.809857 0)
(0.248667 0.1407625 1.14648)
(-13.365098 6.809857 1.14648)
(0.301436 0.148706 2.29296)
(-13.365098 6.809857 2.29296)
(0.313068 -0.004072 2.29296)
(-13.365098 -6.809857 2.29296)
(0.2632235 -0.050424 1.14648)
(-13.365098 -6.809857 1.14648)
(0.213379 -0.096776 0)
(-13.365098 -6.809857 0)
(0.15825 0.121257 0)
(-13.671049 6.172715 0)
(0.2162365 0.1310505 1.14648)
(-13.671049 6.172715 1.14648)
(0.274223 0.140844 2.29296)
(-13.671049 6.172715 2.29296)
(0.285605 -0.000493 2.29296)
(-13.671049 -6.172715 2.29296)
(0.23048 -0.0458185 1.14648)
(-13.671049 -6.172715 1.14648)
(0.175355 -0.091144 0)
(-13.671049 -6.172715 0)
(0.124354 0.109036 0)
(-13.946647 5.521868 0)
(0.187032 0.120793 1.14648)
(-13.946647 5.521868 1.14648)
(0.24971 0.13255 2.29296)
(-13.946647 5.521868 2.29296)
(0.260602 0.003714 2.29296)
(-13.946647 -5.521868 2.29296)
(0.200662 -0.040432 1.14648)
(-13.946647 -5.521868 1.14648)
(0.140722 -0.084578 0)
(-13.946647 -5.521868 0)
(0.094341 0.096268 0)
(-14.19128 4.858761 0)
(0.1611675 0.1100855 1.14648)
(-14.19128 4.858761 1.14648)
(0.227994 0.123903 2.29296)
(-14.19128 4.858761 2.29296)
(0.238157 0.008549 2.29296)
(-14.19128 -4.858761 2.29296)
(0.1738855 -0.0342685 1.14648)
(-14.19128 -4.858761 1.14648)
(0.109614 -0.077086 0)
(-14.19128 -4.858761 0)
(0.068323 0.083067 0)
(-14.404405 4.184867 0)
(0.1387385 0.0990245 1.14648)
(-14.404405 4.184867 1.14648)
(0.209154 0.114982 2.29296)
(-14.404405 4.184867 2.29296)
(0.218364 0.014006 2.29296)
(-14.404405 -4.184867 2.29296)
(0.1502645 -0.0273365 1.14648)
(-14.404405 -4.184867 1.14648)
(0.082165 -0.068679 0)
(-14.404405 -4.184867 0)
(0.046392 0.069538 0)
(-14.585549 3.50168 0)
(0.119825 0.0876985 1.14648)
(-14.585549 3.50168 1.14648)
(0.193258 0.105859 2.29296)
(-14.585549 3.50168 2.29296)
(0.20131 0.02008 2.29296)
(-14.585549 -3.50168 2.29296)
(0.1299015 -0.019645 1.14648)
(-14.585549 -3.50168 1.14648)
(0.058493 -0.05937 0)
(-14.585549 -3.50168 0)
(0.028622 0.055782 0)
(-14.734309 2.81072 0)
(0.104491 0.0761925 1.14648)
(-14.734309 2.81072 1.14648)
(0.18036 0.096603 2.29296)
(-14.734309 2.81072 2.29296)
(0.18707 0.026758 2.29296)
(-14.734309 -2.81072 2.29296)
(0.1128875 -0.011212 1.14648)
(-14.734309 -2.81072 1.14648)
(0.038705 -0.049182 0)
(-14.734309 -2.81072 0)
(0.015067 0.041885 0)
(-14.850355 2.113518 0)
(0.0927845 0.0645795 1.14648)
(-14.850355 2.113518 1.14648)
(0.170502 0.087274 2.29296)
(-14.850355 2.113518 2.29296)
(0.175709 0.03403 2.29296)
(-14.850355 -2.113518 2.29296)
(0.0993005 -0.00205 1.14648)
(-14.850355 -2.113518 1.14648)
(0.022892 -0.03813 0)
(-14.850355 -2.113518 0)
(0.005767 0.027921 0)
(-14.933429 1.411625 0)
(0.0847395 0.052922 1.14648)
(-14.933429 1.411625 1.14648)
(0.163712 0.077923 2.29296)
(-14.933429 1.411625 2.29296)
(0.167281 0.041884 2.29296)
(-14.933429 -1.411625 2.29296)
(0.089206 0.0078225 1.14648)
(-14.933429 -1.411625 1.14648)
(0.011131 -0.026239 0)
(-14.933429 -1.411625 0)
(0.000744 0.013947 0)
(-14.983348 0.706597 0)
(0.080376 0.0412675 1.14648)
(-14.983348 0.706597 1.14648)
(0.160008 0.068588 2.29296)
(-14.983348 0.706597 2.29296)
(0.161831 0.05031 2.29296)
(-14.983348 -0.706597 2.29296)
(0.082658 0.018394 1.14648)
(-14.983348 -0.706597 1.14648)
(0.003485 -0.013522 0)
(-14.983348 -0.706597 0)
(0 0 0)
(-15 0 0)
(0.079696 0.029648 1.14648)
(-15 0 1.14648)
(0.159392 0.059296 2.29296)
(-15 0 2.29296)
(11.277597 9.890187 0)
(11.277597 9.890187 1.1802)
(11.277597 9.890187 2.3604)
(11.277597 -9.890187 2.3604)
(11.277597 -9.890187 1.1802)
(11.277597 -9.890187 0)
(11.9003 9.131421 0)
(11.9003 9.131421 1.1802)
(11.9003 9.131421 2.3604)
(11.9003 -9.131421 2.3604)
(11.9003 -9.131421 1.1802)
(11.9003 -9.131421 0)
(12.472044 8.333553 0)
(12.472044 8.333553 1.1802)
(12.472044 8.333553 2.3604)
(12.472044 -8.333553 2.3604)
(12.472044 -8.333553 1.1802)
(12.472044 -8.333553 0)
(12.990381 7.5 0)
(12.990381 7.5 1.1802)
(12.990381 7.5 2.3604)
(12.990381 -7.5 2.3604)
(12.990381 -7.5 1.1802)
(12.990381 -7.5 0)
(13.453091 6.63433 0)
(13.453091 6.63433 1.1802)
(13.453091 6.63433 2.3604)
(13.453091 -6.63433 2.3604)
(13.453091 -6.63433 1.1802)
(13.453091 -6.63433 0)
(13.858193 5.740251 0)
(13.858193 5.740251 1.1802)
(13.858193 5.740251 2.3604)
(13.858193 -5.740251 2.3604)
(13.858193 -5.740251 1.1802)
(13.858193 -5.740251 0)
(14.203952 4.821592 0)
(14.203952 4.821592 1.1802)
(14.203952 4.821592 2.3604)
(14.203952 -4.821592 2.3604)
(14.203952 -4.821592 1.1802)
(14.203952 -4.821592 0)
(14.488887 3.882286 0)
(14.488887 3.882286 1.1802)
(14.488887 3.882286 2.3604)
(14.488887 -3.882286 2.3604)
(14.488887 -3.882286 1.1802)
(14.488887 -3.882286 0)
(14.711779 2.926355 0)
(14.711779 2.926355 1.1802)
(14.711779 2.926355 2.3604)
(14.711779 -2.926355 2.3604)
(14.711779 -2.926355 1.1802)
(14.711779 -2.926355 0)
(14.871673 1.957893 0)
(14.871673 1.957893 1.1802)
(14.871673 1.957893 2.3604)
(14.871673 -1.957893 2.3604)
(14.871673 -1.957893 1.1802)
(14.871673 -1.957893 0)
(14.967884 0.981047 0)
(14.967884 0.981047 1.1802)
(14.967884 0.981047 2.3604)
(14.967884 -0.981047 2.3604)
(14.967884 -0.981047 1.1802)
(14.967884 -0.981047 0)
(15 0 0)
(15 0 1.1802)
(15 0 2.3604)
(1.517764 0.085288 3.287568)
(1.519 0.08502 3.2877)
(10.095188 11.094466 3.287568)
(10.606602 10.606602 3.2877)
(1.341973 0.109207 4.215)
(1.343 0.109 4.215)
(10.095188 11.094466 4.215)
(10.606602 10.606602 4.215)
(1.341955 0.108932 4.215)
(10.095188 -11.094466 4.215)
(10.606602 -10.606602 4.215)
(1.51774 0.084916 3.2875655)
(10.095188 -11.094466 3.2875655)
(10.606602 -10.606602 3.2877)
(1.514061 0.0860865 3.287173)
(9.56136 11.557699 3.287173)
(1.338897 0.109824 4.215)
(9.56136 11.557699 4.215)
(1.338824 0.108726 4.215)
(9.56136 -11.557699 4.215)
(1.5139645 0.0846025 3.287162)
(9.56136 -11.557699 3.287162)
(1.5079025 0.087408 3.2865155)
(9.006303 11.99527 3.2865155)
(1.333782 0.110845 4.215)
(9.006303 11.99527 4.215)
(1.33362 0.108386 4.215)
(9.006303 -11.99527 4.215)
(1.507689 0.084083 3.2864915)
(9.006303 -11.99527 3.2864915)
(1.4993095 0.0892355 3.285599)
(8.431251 12.406209 3.285599)
(1.326647 0.112256 4.215)
(8.431251 12.406209 4.215)
(1.326365 0.107914 4.215)
(8.431251 -12.406209 4.215)
(1.4989365 0.083363 3.2855565)
(8.431251 -12.406209 3.2855565)
(1.488312 0.0915485 3.2844265)
(7.837478 12.789602 3.2844265)
(1.31752 0.114041 4.215)
(7.837478 12.789602 4.215)
(1.317089 0.107315 4.215)
(7.837478 -12.789602 4.215)
(1.4877415 0.082448 3.2843615)
(7.837478 -12.789602 3.2843615)
(1.474946 0.0943195 3.283002)
(7.226305 13.1446 3.283002)
(1.306434 0.116179 4.215)
(7.226305 13.1446 4.215)
(1.305832 0.106592 4.215)
(7.226305 -13.1446 4.215)
(1.474148 0.081344 3.2829115)
(7.226305 -13.1446 3.2829115)
(1.4592575 0.097519 3.281331)
(6.599088 13.470414 3.281331)
(1.29343 0.118645 4.215)
(6.599088 13.470414 4.215)
(1.292639 0.105753 4.215)
(6.599088 -13.470414 4.215)
(1.4582075 0.0800615 3.281212)
(6.599088 -13.470414 3.281212)
(1.4413005 0.101109 3.27942)
(5.957218 13.766319 3.27942)
(1.278557 0.12141 4.215)
(5.957218 13.766319 4.215)
(1.277564 0.104802 4.215)
(5.957218 -13.766319 4.215)
(1.439981 0.078608 3.27927)
(5.957218 -13.766319 3.27927)
(1.421138 0.105053 3.2772755)
(5.302123 14.03166 3.2772755)
(1.261873 0.124444 4.215)
(5.302123 14.03166 4.215)
(1.260672 0.103746 4.215)
(5.302123 -14.03166 4.215)
(1.4195405 0.076993 3.2770945)
(5.302123 -14.03166 3.2770945)
(1.3988385 0.1093065 3.274906)
(4.635255 14.265848 3.274906)
(1.243438 0.127713 4.215)
(4.635255 14.265848 4.215)
(1.24203 0.102592 4.215)
(4.635255 -14.265848 4.215)
(1.3969635 0.0752275 3.2746935)
(4.635255 -14.265848 3.2746935)
(1.374482 0.1138275 3.2723205)
(3.958096 14.468361 3.2723205)
(1.223324 0.131183 4.215)
(3.958096 14.468361 4.215)
(1.221715 0.101344 4.215)
(3.958096 -14.468361 4.215)
(1.3723365 0.07332 3.2720775)
(3.958096 -14.468361 3.2720775)
(1.348153 0.1185695 3.2695285)
(3.272149 14.638751 3.2695285)
(1.201607 0.134818 4.215)
(3.272149 14.638751 4.215)
(1.19981 0.100011 4.215)
(3.272149 -14.638751 4.215)
(1.3457545 0.071281 3.2692575)
(3.272149 -14.638751 3.2692575)
(1.319946 0.1234865 3.2665405)
(2.578937 14.77664 3.2665405)
(1.178369 0.138581 4.215)
(2.578937 14.77664 4.215)
(1.176405 0.098599 4.215)
(2.578937 -14.77664 4.215)
(1.3173195 0.069122 3.266244)
(2.578937 -14.77664 3.266244)
(1.289964 0.1285305 3.2633685)
(1.879999 14.881721 3.2633685)
(1.153702 0.142434 4.215)
(1.879999 14.881721 4.215)
(1.151593 0.097112 4.215)
(1.879999 -14.881721 4.215)
(1.28714 0.066851 3.2630505)
(1.879999 -14.881721 3.2630505)
(1.2583145 0.1336525 3.260024)
(1.176886 14.95376 3.260024)
(1.127699 0.14634 4.215)
(1.176886 14.95376 4.215)
(1.125476 0.095559 4.215)
(1.176886 -14.95376 4.215)
(1.2553325 0.064481 3.259689)
(1.176886 -14.95376 3.259689)
(1.225113 0.1388055 3.2565205)
(0.471161 14.992598 3.2565205)
(1.100461 0.150261 4.215)
(0.471161 14.992598 4.215)
(1.098158 0.093947 4.215)
(0.471161 -14.992598 4.215)
(1.2220185 0.062022 3.256173)
(0.471161 -14.992598 3.256173)
(1.190345 0.143954 3.25398)
(-0.23561 14.998149 3.25398)
(1.072093 0.154161 4.215)
(-0.23561 14.998149 4.215)
(1.069749 0.092283 4.215)
(-0.23561 -14.998149 4.215)
(1.1871475 0.059537 3.25398)
(-0.23561 -14.998149 3.25398)
(1.153984 0.149059 3.25398)
(-0.941858 14.970401 3.25398)
(1.042706 0.158002 4.215)
(-0.941858 14.970401 4.215)
(1.040362 0.090576 4.215)
(-0.941858 -14.970401 4.215)
(1.150786 0.0570725 3.25398)
(-0.941858 -14.970401 3.25398)
(1.116502 0.154044 3.25398)
(-1.646015 14.909414 3.25398)
(1.012416 0.16175 4.215)
(-1.646015 14.909414 4.215)
(1.010114 0.088837 4.215)
(-1.646015 -14.909414 4.215)
(1.1133625 0.0545725 3.25398)
(-1.646015 -14.909414 3.25398)
(1.078046 0.15886 3.25398)
(-2.346517 14.815325 3.25398)
(0.981341 0.165366 4.215)
(-2.346517 14.815325 4.215)
(0.979127 0.087077 4.215)
(-2.346517 -14.815325 4.215)
(1.075026 0.052054 3.25398)
(-2.346517 -14.815325 3.25398)
(1.0387675 0.163461 3.25398)
(-3.041809 14.688342 3.25398)
(0.949603 0.168817 4.215)
(-3.041809 14.688342 4.215)
(0.947522 0.085311 4.215)
(-3.041809 -14.688342 4.215)
(1.0359275 0.049538 3.25398)
(-3.041809 -14.688342 3.25398)
(0.998821 0.1678015 3.25398)
(-3.730348 14.528747 3.25398)
(0.917328 0.172068 4.215)
(-3.730348 14.528747 4.215)
(0.915423 0.083554 4.215)
(-3.730348 -14.528747 4.215)
(0.996222 0.0470465 3.25398)
(-3.730348 -14.528747 3.25398)
(0.958364 0.1718375 3.25398)
(-4.410605 14.336895 3.25398)
(0.884642 0.175087 4.215)
(-4.410605 14.336895 4.215)
(0.882957 0.081826 4.215)
(-4.410605 -14.336895 4.215)
(0.956065 0.044607 3.25398)
(-4.410605 -14.336895 3.25398)
(0.9175595 0.1755225 3.25398)
(-5.081069 14.113212 3.25398)
(0.851678 0.177838 4.215)
(-5.081069 14.113212 4.215)
(0.850252 0.080147 4.215)
(-5.081069 -14.113212 4.215)
(0.915614 0.042248 3.25398)
(-5.081069 -14.113212 3.25398)
(0.876569 0.178818 3.25398)
(-5.740251 13.858193 3.25398)
(0.818565 0.180293 4.215)
(-5.740251 13.858193 4.215)
(0.817435 0.078541 4.215)
(-5.740251 -13.858193 4.215)
(0.875027 0.0400025 3.25398)
(-5.740251 -13.858193 3.25398)
(0.835557 0.181681 3.25398)
(-6.386689 13.572406 3.25398)
(0.785436 0.18242 4.215)
(-6.386689 13.572406 4.215)
(0.784633 0.077031 4.215)
(-6.386689 -13.572406 4.215)
(0.834461 0.037904 3.25398)
(-6.386689 -13.572406 3.25398)
(0.7946885 0.184076 3.25398)
(-7.018947 13.256484 3.25398)
(0.752425 0.184194 4.215)
(-7.018947 13.256484 4.215)
(0.751975 0.075645 4.215)
(-7.018947 -13.256484 4.215)
(0.794074 0.035988 3.25398)
(-7.018947 -13.256484 3.25398)
(0.7541275 0.1859665 3.25398)
(-7.635621 12.91113 3.25398)
(0.719663 0.185587 4.215)
(-7.635621 12.91113 4.215)
(0.719586 0.074409 4.215)
(-7.635621 -12.91113 4.215)
(0.7540215 0.034292 3.25398)
(-7.635621 -12.91113 3.25398)
(0.713778 0.187268 3.25398)
(-8.235342 12.53711 3.25398)
(0.687093 0.186534 4.215)
(-8.235342 12.53711 4.215)
(0.687782 0.073311 4.215)
(-8.235342 -12.53711 4.215)
(0.7147185 0.032804 3.25398)
(-8.235342 -12.53711 3.25398)
(0.6739945 0.1878455 3.25398)
(-8.816779 12.135255 3.25398)
(0.654985 0.186928 4.215)
(-8.816779 12.135255 4.215)
(0.656547 0.072292 4.215)
(-8.816779 -12.135255 4.215)
(0.676125 0.0314535 3.25398)
(-8.816779 -12.135255 3.25398)
(0.6350095 0.187683 3.25398)
(-9.37864 11.706456 3.25398)
(0.623522 0.186759 4.215)
(-9.37864 11.706456 4.215)
(0.625947 0.071386 4.215)
(-9.37864 -11.706456 4.215)
(0.6383175 0.030286 3.25398)
(-9.37864 -11.706456 3.25398)
(0.596989 0.186779 3.25398)
(-9.919678 11.251666 3.25398)
(0.592837 0.186027 4.215)
(-9.919678 11.251666 4.215)
(0.596094 0.070628 4.215)
(-9.919678 -11.251666 4.215)
(0.601432 0.029346 3.25398)
(-9.919678 -11.251666 3.25398)
(0.560095 0.1851385 3.25398)
(-10.438692 10.771894 3.25398)
(0.56306 0.184738 4.215)
(-10.438692 10.771894 4.215)
(0.567099 0.070052 4.215)
(-10.438692 -10.771894 4.215)
(0.565605 0.028679 3.25398)
(-10.438692 -10.771894 3.25398)
(0.524482 0.182777 3.25398)
(-10.934529 10.268207 3.25398)
(0.534315 0.182905 4.215)
(-10.934529 10.268207 4.215)
(0.539068 0.069694 4.215)
(-10.934529 -10.268207 4.215)
(0.530966 0.0283295 3.25398)
(-10.934529 -10.268207 3.25398)
(0.490302 0.1797185 3.25398)
(-11.406089 9.741721 3.25398)
(0.506723 0.180548 4.215)
(-11.406089 9.741721 4.215)
(0.512102 0.069583 4.215)
(-11.406089 -9.741721 4.215)
(0.4976405 0.0283345 3.25398)
(-11.406089 -9.741721 3.25398)
(0.4577 0.1759955 3.25398)
(-11.852325 9.193606 3.25398)
(0.480401 0.177694 4.215)
(-11.852325 9.193606 4.215)
(0.486304 0.069749 4.215)
(-11.852325 -9.193606 4.215)
(0.4657525 0.028732 3.25398)
(-11.852325 -9.193606 3.25398)
(0.426811 0.171647 3.25398)
(-12.272246 8.625079 3.25398)
(0.455458 0.174374 4.215)
(-12.272246 8.625079 4.215)
(0.461768 0.070218 4.215)
(-12.272246 -8.625079 4.215)
(0.4354185 0.0295525 3.25398)
(-12.272246 -8.625079 3.25398)
(0.3977655 0.1667235 3.25398)
(-12.664919 8.037402 3.25398)
(0.431998 0.170628 4.215)
(-12.664919 8.037402 4.215)
(0.438585 0.07101 4.215)
(-12.664919 -8.037402 4.215)
(0.4067515 0.0308205 3.25398)
(-12.664919 -8.037402 3.25398)
(0.370681 0.161276 3.25398)
(-13.029473 7.43188 3.25398)
(0.410116 0.166495 4.215)
(-13.029473 7.43188 4.215)
(0.416844 0.072145 4.215)
(-13.029473 -7.43188 4.215)
(0.37986 0.032559 3.25398)
(-13.029473 -7.43188 3.25398)
(0.3456685 0.155365 3.25398)
(-13.365098 6.809857 3.25398)
(0.389901 0.162024 4.215)
(-13.365098 6.809857 4.215)
(0.396631 0.073636 4.215)
(-13.365098 -6.809857 4.215)
(0.3548495 0.034782 3.25398)
(-13.365098 -6.809857 3.25398)
(0.322829 0.149053 3.25398)
(-13.671049 6.172715 3.25398)
(0.371435 0.157262 4.215)
(-13.671049 6.172715 4.215)
(0.378021 0.075493 4.215)
(-13.671049 -6.172715 4.215)
(0.331813 0.0375 3.25398)
(-13.671049 -6.172715 3.25398)
(0.302249 0.142405 3.25398)
(-13.946647 5.521868 3.25398)
(0.354788 0.15226 4.215)
(-13.946647 5.521868 4.215)
(0.361089 0.077724 4.215)
(-13.946647 -5.521868 4.215)
(0.3108455 0.040719 3.25398)
(-13.946647 -5.521868 3.25398)
(0.28401 0.1354855 3.25398)
(-14.19128 4.858761 3.25398)
(0.340026 0.147068 4.215)
(-14.19128 4.858761 4.215)
(0.345905 0.080331 4.215)
(-14.19128 -4.858761 4.215)
(0.292031 0.04444 3.25398)
(-14.19128 -4.858761 3.25398)
(0.2681785 0.128358 3.25398)
(-14.404405 4.184867 3.25398)
(0.327203 0.141734 4.215)
(-14.404405 4.184867 4.215)
(0.332531 0.083316 4.215)
(-14.404405 -4.184867 4.215)
(0.2754475 0.048661 3.25398)
(-14.404405 -4.184867 3.25398)
(0.254812 0.1210815 3.25398)
(-14.585549 3.50168 3.25398)
(0.316366 0.136304 4.215)
(-14.585549 3.50168 4.215)
(0.321024 0.086678 4.215)
(-14.585549 -3.50168 4.215)
(0.261167 0.053379 3.25398)
(-14.585549 -3.50168 3.25398)
(0.2439565 0.113712 3.25398)
(-14.734309 2.81072 3.25398)
(0.307553 0.130821 4.215)
(-14.734309 2.81072 4.215)
(0.311435 0.090413 4.215)
(-14.734309 -2.81072 4.215)
(0.2492525 0.0585855 3.25398)
(-14.734309 -2.81072 3.25398)
(0.2356475 0.1062975 3.25398)
(-14.850355 2.113518 3.25398)
(0.300793 0.125321 4.215)
(-14.850355 2.113518 4.215)
(0.303806 0.094517 4.215)
(-14.850355 -2.113518 4.215)
(0.2397575 0.0642735 3.25398)
(-14.850355 -2.113518 3.25398)
(0.22991 0.09888 3.25398)
(-14.933429 1.411625 3.25398)
(0.296108 0.119837 4.215)
(-14.933429 1.411625 4.215)
(0.298172 0.098987 4.215)
(-14.933429 -1.411625 4.215)
(0.2327265 0.0704355 3.25398)
(-14.933429 -1.411625 3.25398)
(0.226758 0.0914895 3.25398)
(-14.983348 0.706597 3.25398)
(0.293508 0.114391 4.215)
(-14.983348 0.706597 4.215)
(0.294563 0.103816 4.215)
(-14.983348 -0.706597 4.215)
(0.228197 0.077063 3.25398)
(-14.983348 -0.706597 3.25398)
(0.226196 0.084148 3.25398)
(-15 0 3.25398)
(0.293 0.109 4.215)
(-15 0 4.215)
(11.277597 9.890187 3.2877)
(11.277597 9.890187 4.215)
(11.277597 -9.890187 4.215)
(11.277597 -9.890187 3.2877)
(11.9003 9.131421 3.2877)
(11.9003 9.131421 4.215)
(11.9003 -9.131421 4.215)
(11.9003 -9.131421 3.2877)
(12.472044 8.333553 3.2877)
(12.472044 8.333553 4.215)
(12.472044 -8.333553 4.215)
(12.472044 -8.333553 3.2877)
(12.990381 7.5 3.2877)
(12.990381 7.5 4.215)
(12.990381 -7.5 4.215)
(12.990381 -7.5 3.2877)
(13.453091 6.63433 3.2877)
(13.453091 6.63433 4.215)
(13.453091 -6.63433 4.215)
(13.453091 -6.63433 3.2877)
(13.858193 5.740251 3.2877)
(13.858193 5.740251 4.215)
(13.858193 -5.740251 4.215)
(13.858193 -5.740251 3.2877)
(14.203952 4.821592 3.2877)
(14.203952 4.821592 4.215)
(14.203952 -4.821592 4.215)
(14.203952 -4.821592 3.2877)
(14.488887 3.882286 3.2877)
(14.488887 3.882286 4.215)
(14.488887 -3.882286 4.215)
(14.488887 -3.882286 3.2877)
(14.711779 2.926355 3.2877)
(14.711779 2.926355 4.215)
(14.711779 -2.926355 4.215)
(14.711779 -2.926355 3.2877)
(14.871673 1.957893 3.2877)
(14.871673 1.957893 4.215)
(14.871673 -1.957893 4.215)
(14.871673 -1.957893 3.2877)
(14.967884 0.981047 3.2877)
(14.967884 0.981047 4.215)
(14.967884 -0.981047 4.215)
(14.967884 -0.981047 3.2877)
(15 0 3.2877)
(15 0 4.215)
)


// ************************************************************************* //
