FoamFile
{
    version     2.0;
format      ascii;
class       dictionary;
object      blockMeshDict;
}
convertToMeters 1;

vertices
(
    (2.1432100139999997 0.0031437809999999996 0.0) // 0
    (2.1411184459999997 0.0036302419999999997 0.0) // 1
    (1.3420529 0.00141225 4.215) // 2
    (1.34308085 0.0012096000000000001 4.215) // 3
    (2.1432100140000006 15.0 0.0) // 4
    (1.6047287744244896 14.992598405485975 0.0) // 5
    (0.8297322748262781 14.992598405485975 4.215) // 6
    (1.343080850000001 15.0 4.215) // 7
    (2.1348501709999996 0.0050810529999999994 0.0) // 8
    (1.33897535 0.00201495 4.215) // 9
    (1.0667789508208114 14.970400926424073 0.0) // 10
    (0.3168903127189271 14.970400926424073 4.215) // 11
    (2.124428762 0.007483355999999999 0.0) // 12
    (1.3338587 0.0030124500000000003 4.215) // 13
    (0.5298914347173942 14.9334294690462 0.0) // 14
    (-0.19493892322161233 14.9334294690462 4.215) // 15
    (2.109894936 0.010805005999999999 0.0) // 16
    (1.3267208 0.00439215 4.215) // 17
    (-0.005403930726584072 14.881720519717167 0.0) // 18
    (-0.7052503193333599 14.881720519717167 4.215) // 19
    (2.091297982 0.015007428999999997 0.0) // 20
    (1.31759 0.00613725 4.215) // 21
    (-0.5385788736124222 14.815325108927064 0.0) // 22
    (-1.2135402598789942 14.815325108927064 4.215) // 23
    (2.0687086189999997 0.020045621999999996 0.0) // 24
    (1.3064988499999999 0.0082278 4.215) // 25
    (-1.0691072146424827 14.734308760930329 0.0) // 26
    (-1.719307124053785 14.734308760930329 4.215) // 27
    (2.0422082809999997 0.025859580999999996 0.0) // 28
    (1.2934914499999999 0.010640700000000001 4.215) // 29
    (-1.5964653863956282 14.63875142908121 0.0) // 30
    (-2.2220517810247618 14.63875142908121 4.215) // 31
    (2.0118976889999995 0.032387159 0.0) // 32
    (1.278614 0.0133476 4.215) // 33
    (-2.120132950025066 14.528747416929468 0.0) // 34
    (-2.7212780825125966 14.528747416929468 4.215) // 35
    (1.9778882789999999 0.039555494 0.0) // 36
    (1.2619232 0.01632015 4.215) // 37
    (-2.63959310886865 14.404405285154146 0.0) // 38
    (-3.216493352430046 14.404405285154146 4.215) // 39
    (1.940308631 0.047289581 0.0) // 40
    (1.2434831 0.0195237 4.215) // 41
    (-3.1543332184647794 14.265847744427305 0.0) // 42
    (-3.7072088730937596 14.265847744427305 4.215) // 43
    (1.8992980399999997 0.055512271999999994 0.0) // 44
    (1.22336405 0.0229278 4.215) // 45
    (-3.663845292470613 14.113211534313383 0.0) // 46
    (-4.192940367529649 14.113211534313383 4.215) // 47
    (1.855012945 0.064137847 0.0) // 48
    (1.20164165 0.026494649999999998 4.215) // 49
    (-4.167626503983243 13.94664728832377 0.0) // 50
    (-4.673208477395777 13.94664728832377 4.215) // 51
    (1.8076226429999998 0.073084872 0.0) // 52
    (1.1783999 0.030190650000000003 4.215) // 53
    (-4.665179681769146 13.766319385259719 0.0) // 54
    (-5.147539236051175 13.766319385259719 4.215) // 55
    (1.757305003 0.08226334099999999 0.0) // 56
    (1.153727 0.033978 4.215) // 57
    (-5.156013800912181 13.572405786990291 0.0) // 58
    (-5.615464536303707 13.572405786990291 4.215) // 59
    (1.7042528949999998 0.09159181999999999 0.0) // 60
    (1.12771955 0.03782100000000001 4.215) // 61
    (-5.639644467395861 13.365097862825518 0.0) // 62
    (-6.076522592375316 13.365097862825518 4.215) // 63
    (1.648672047 0.100980303 0.0) // 64
    (1.1004773 0.0416829 4.215) // 65
    (-6.115594396141821 13.144600200657951 0.0) // 66
    (-6.530258395628887 13.144600200657951 4.215) // 67
    (1.5907789019999998 0.11034092699999999 0.0) // 68
    (1.0721063000000002 0.0455259 4.215) // 69
    (-6.583393882032505 12.911130405059154 0.0) // 70
    (-6.976224163606782 12.911130405059154 4.215) // 71
    (1.5307963319999998 0.11959011499999998 0.0) // 72
    (1.0427168 0.04931535 4.215) // 73
    (-7.042581263453458 12.664918882530229 0.0) // 74
    (-7.413979781938114 12.664918882530229 4.215) // 75
    (1.468955781 0.12864214699999998 0.0) // 76
    (1.0124243000000002 0.05301555 4.215) // 77
    (-7.492703377897588 12.40620861411843 0.0) // 78
    (-7.843093238678465 12.40620861411843 4.215) // 79
    (1.405503694 0.13740701699999996 0.0) // 80
    (0.9813474499999999 0.0565887 4.215) // 81
    (-7.933316009181841 12.135254915624213 0.0) // 82
    (-8.263141050653534 12.135254915624213 4.215) // 83
    (1.3406865159999997 0.14580329099999997 0.0) // 84
    (0.9496080500000001 0.060001200000000005 4.215) // 85
    (-8.36398432583494 11.852325185635358 0.0) // 86
    (-8.673708681385879 11.852325185635358 4.215) // 87
    (1.2747614069999997 0.153745249 0.0) // 88
    (0.91733105 0.06321945 4.215) // 89
    (-8.784283310223573 11.557698641636838 0.0) // 90
    (-9.074390950192408 11.557698641636838 4.215) // 91
    (1.207989813 0.161151457 0.0) // 92
    (0.88464455 0.06620775000000001 4.215) // 93
    (-9.193798177993447 11.251666044456895 0.0) // 94
    (-9.464792432048752 11.251666044456895 4.215) // 95
    (1.140635323 0.16793619499999998 0.0) // 96
    (0.8516798000000001 0.0689346 4.215) // 97
    (-9.592124787411416 10.934529411321172 0.0) // 98
    (-9.844527847826074 10.934529411321172 4.215) // 99
    (1.0729700979999999 0.17402017199999997 0.0) // 100
    (0.81856595 0.0713685 4.215) // 101
    (-9.978870038204528 10.606601717798213 0.0) // 102
    (-10.213222444515004 10.606601717798213 4.215) // 103
    (1.005264156 0.179330526 0.0) // 104
    (0.7854374 0.073479 4.215) // 105
    (-10.353652259502574 10.268206588930333 0.0) // 106
    (-10.570512365061653 10.268206588930333 4.215) // 107
    (0.9377918009999999 0.183792252 0.0) // 108
    (0.7524254 0.07523775 4.215) // 109
    (-10.716101586501148 9.919677979854777 0.0) // 110
    (-10.916045007450581 9.919677979854777 4.215) // 111
    (0.870823051 0.18733677399999998 0.0) // 112
    (0.7196633 0.07661955 4.215) // 113
    (-11.065860325473523 9.561359846230348 0.0) // 114
    (-11.249479372680401 9.561359846230348 4.215) // 115
    (0.8041328909999998 0.189818368 0.0) // 116
    (0.68709335 0.07755825000000001 4.215) // 117
    (-11.40258330677123 9.193605804794645 0.0) // 118
    (-11.57048640128866 9.193605804794645 4.215) // 119
    (0.738357792 0.19099701799999996 0.0) // 120
    (0.6549843500000001 0.07794569999999999 4.215) // 121
    (-11.72593822546478 8.816778784387099 0.0) // 122
    (-11.87874929809376 8.816778784387099 4.215) // 123
    (0.673904924 0.19084486499999997 0.0) // 124
    (0.62352215 0.0777714 4.215) // 125
    (-12.035605969288543 8.431250667781956 0.0) // 126
    (-12.173963844833596 8.431250667781956 4.215) // 127
    (0.611046448 0.18934690799999998 0.0) // 128
    (0.59283695 0.07703535 4.215) // 129
    (-12.331280933565992 8.03740192468495 0.0) // 130
    (-12.45583870039221 8.03740192468495 4.215) // 131
    (0.550054525 0.18650957599999998 0.0) // 132
    (0.56306 0.07574280000000001 4.215) // 133
    (-12.612671322804669 7.635621236255567 0.0) // 134
    (-12.724095688318336 7.635621236255567 4.215) // 135
    (0.49118845799999994 0.182354299 0.0) // 136
    (0.5343141499999999 0.07390845 4.215) // 137
    (-12.879499438663057 7.226305111525728 0.0) // 138
    (-12.978470071351945 7.226305111525728 4.215) // 139
    (0.43470112099999997 0.176915365 0.0) // 140
    (0.5067233 0.07155014999999999 4.215) // 141
    (-13.131501954005362 6.809857496093203 0.0) // 142
    (-13.218710812687975 6.809857496093203 4.215) // 143
    (0.38083467299999996 0.170246349 0.0) // 144
    (0.48040085 0.0686952 4.215) // 145
    (-13.368430172773568 6.386689373476093 0.0) // 146
    (-13.444580823719345 6.386689373476093 4.215) // 147
    (0.329814129 0.16241582699999998 0.0) // 148
    (0.4554581 0.0653751 4.215) // 149
    (-13.590050275420449 5.957218359521709 0.0) // 150
    (-13.65585719801479 5.957218359521709 4.215) // 151
    (0.281855932 0.15350308999999998 0.0) // 152
    (0.43199794999999996 0.061627650000000006 4.215) // 153
    (-13.796143549661203 5.521868290270172 0.0) // 154
    (-13.852331431300575 5.521868290270172 4.215) // 155
    (0.23715509499999998 0.14360457299999999 0.0) // 156
    (0.41011595 0.05749485 4.215) // 157
    (-13.9865066063161 5.081068803679369 0.0) // 158
    (-14.033809627229077 5.081068803679369 4.215) // 159
    (0.19589805899999996 0.132818854 0.0) // 160
    (0.38990135 0.05302395000000001 4.215) // 161
    (-14.16095158003103 4.635254915624213 0.0) // 162
    (-14.200112688731037 4.635254915624213 4.215) // 163
    (0.15824983499999998 0.121259512 0.0) // 164
    (0.37143499999999996 0.0482622 4.215) // 165
    (-14.31930631467794 4.1848665905884435 0.0) // 166
    (-14.351076494762765 4.1848665905884435 4.215) // 167
    (0.12435400399999999 0.10903584 0.0) // 168
    (0.3547883 0.04326 4.215) // 169
    (-14.461414533252123 3.7303483074728288 0.0) // 170
    (-14.486552062273793 3.7303483074728288 4.215) // 171
    (0.094341289 0.09626784599999999 0.0) // 172
    (0.34002635 0.038067750000000004 4.215) // 173
    (-14.587135992098789 3.2721486209481414 0.0) // 174
    (-14.60640569323515 3.2721486209481414 4.215) // 175
    (0.068323126 0.08306696599999999 0.0) // 176
    (0.32720269999999996 0.032733750000000006 4.215) // 177
    (-14.696346619316584 2.8107197187858755 0.0) // 178
    (-14.710519106583181 2.8107197187858755 4.215) // 179
    (0.046391664 0.06953820699999999 0.0) // 180
    (0.31636565 0.0273042 4.215) // 181
    (-14.788938637201609 2.3465169756034645 0.0) // 182
    (-14.798789554948673 2.3465169756034645 4.215) // 183
    (0.028621907999999998 0.05578229 0.0) // 184
    (0.30755299999999997 0.0218211 4.215) // 185
    (-14.864820668610976 1.879998503464568 0.0) // 186
    (-14.87112992605611 1.879998503464568 4.215) // 187
    (0.015067432999999998 0.041884935 0.0) // 188
    (0.3007931 0.0163212 4.215) // 189
    (-14.923917827141038 1.4116246997777153 0.0) // 190
    (-14.927468828692973 1.4116246997777153 4.215) // 191
    (0.005766812999999999 0.027921147 0.0) // 192
    (0.296108 0.01083705 4.215) // 193
    (-14.966171791031206 0.9418577929397037 0.0) // 194
    (-14.967750663164235 0.9418577929397037 4.215) // 195
    (0.0007436209999999999 0.013946643999999998 0.0) // 196
    (0.2935082 0.0053907 4.215) // 197
    (-14.991540860720507 0.47116138617192355 0.0) // 198
    (-14.991935676162559 0.47116138617192355 4.215) // 199
    (0.0 0.0 0.0) // 200
    (0.293 0.0 4.215) // 201
    (-15.000000000000002 1.83697019872103e-15 0.0) // 202
    (-15.0 1.83697019872103e-15 4.215) // 203
    (0.003484518 -0.013522329999999997 0.0) // 204
    (0.29456345 -0.00518385 4.215) // 205
    (-14.991540860720507 -0.4711613861719199 0.0) // 206
    (-14.991935676162559 -0.4711613861719199 4.215) // 207
    (0.011130741999999999 -0.026238891999999996 0.0) // 208
    (0.2981723 -0.0100128 4.215) // 209
    (-14.966171791031206 -0.9418577929397002 0.0) // 210
    (-14.967750663164235 -0.9418577929397002 4.215) // 211
    (0.022891526 -0.038130398999999995 0.0) // 212
    (0.30380555 -0.01448265 4.215) // 213
    (-14.923917827141038 -1.4116246997777115 0.0) // 214
    (-14.927468828692973 -1.4116246997777115 4.215) // 215
    (0.038704722999999996 -0.04918185 0.0) // 216
    (0.31143485 -0.0185871 4.215) // 217
    (-14.864820668610976 -1.8799985034645643 0.0) // 218
    (-14.871129926056113 -1.8799985034645643 4.215) // 219
    (0.058493184999999996 -0.05936967199999999 0.0) // 220
    (0.3210245 -0.02232195 4.215) // 221
    (-14.788938637201609 -2.346516975603461 0.0) // 222
    (-14.798789554948673 -2.346516975603461 4.215) // 223
    (0.08216476299999999 -0.06867886399999999 0.0) // 224
    (0.33253145 -0.02568405 4.215) // 225
    (-14.696346619316584 -2.8107197187858715 0.0) // 226
    (-14.710519106583181 -2.8107197187858715 4.215) // 227
    (0.10961444999999999 -0.077085853 0.0) // 228
    (0.34590529999999997 -0.0286692 4.215) // 229
    (-14.587135992098792 -3.2721486209481307 0.0) // 230
    (-14.606405693235153 -3.2721486209481307 4.215) // 231
    (0.140722238 -0.08457778099999999 0.0) // 232
    (0.36108935 -0.03127635 4.215) // 233
    (-14.461414533252126 -3.730348307472825 0.0) // 234
    (-14.486552062273795 -3.730348307472825 4.215) // 235
    (0.17535526099999998 -0.091143933 0.0) // 236
    (0.3780206 -0.033507600000000005 4.215) // 237
    (-14.319306314677943 -4.184866590588434 0.0) // 238
    (-14.351076494762768 -4.184866590588434 4.215) // 239
    (0.21337851 -0.09677573699999999 0.0) // 240
    (0.3966308 -0.03536400000000001 4.215) // 241
    (-14.16095158003103 -4.635254915624216 0.0) // 242
    (-14.200112688731037 -4.635254915624216 4.215) // 243
    (0.254633403 -0.10147962199999999 0.0) // 244
    (0.41684435 -0.036855 4.215) // 245
    (-13.986506606316103 -5.081068803679367 0.0) // 246
    (-14.033809627229079 -5.081068803679367 4.215) // 247
    (0.298965644 -0.10525987399999999 0.0) // 248
    (0.4385846 -0.03799005 4.215) // 249
    (-13.7961435496612 -5.521868290270175 0.0) // 250
    (-13.852331431300573 -5.521868290270175 4.215) // 251
    (0.34620164999999997 -0.10814220899999999 0.0) // 252
    (0.46176755 -0.0387828 4.215) // 253
    (-13.590050275420452 -5.9572183595217005 0.0) // 254
    (-13.655857198014793 -5.9572183595217005 4.215) // 255
    (0.396165695 -0.110154486 0.0) // 256
    (0.48630395000000004 -0.03925215 4.215) // 257
    (-13.36843017277357 -6.38668937347609 0.0) // 258
    (-13.444580823719347 -6.38668937347609 4.215) // 259
    (0.44867348099999993 -0.11133527899999998 0.0) // 260
    (0.51210245 -0.0394191 4.215) // 261
    (-13.131501954005367 -6.809857496093194 0.0) // 262
    (-13.21871081268798 -6.809857496093194 4.215) // 263
    (0.503534281 -0.11173816299999999 0.0) // 264
    (0.5390675 -0.0393099 4.215) // 265
    (-12.879499438663055 -7.226305111525731 0.0) // 266
    (-12.978470071351943 -7.226305111525731 4.215) // 267
    (0.560546653 -0.11142314199999999 0.0) // 268
    (0.5670993499999999 -0.0389529 4.215) // 269
    (-12.61267132280467 -7.635621236255563 0.0) // 270
    (-12.724095688318338 -7.635621236255563 4.215) // 271
    (0.6195070119999999 -0.11045450599999998 0.0) // 272
    (0.59609405 -0.03838065 4.215) // 273
    (-12.33128093356599 -8.037401924684952 0.0) // 274
    (-12.455838700392208 -8.037401924684952 4.215) // 275
    (0.680205344 -0.10890940299999999 0.0) // 276
    (0.6259476500000001 -0.0376257 4.215) // 277
    (-12.035605969288545 -8.431250667781955 0.0) // 278
    (-12.173963844833597 -8.431250667781955 4.215) // 279
    (0.7424187769999999 -0.10686926699999998 0.0) // 280
    (0.6565478 -0.0367248 4.215) // 281
    (-11.725938225464784 -8.816778784387095 0.0) // 282
    (-11.878749298093764 -8.816778784387095 4.215) // 283
    (0.8059244389999999 -0.10441553199999999 0.0) // 284
    (0.6877821500000001 -0.035713650000000007 4.215) // 285
    (-11.402583306771234 -9.193605804794643 0.0) // 286
    (-11.570486401288662 -9.193605804794643 4.215) // 287
    (0.870619466 -0.10162748899999999 0.0) // 288
    (0.7195856 -0.0346248 4.215) // 289
    (-11.065860325473524 -9.561359846230344 0.0) // 290
    (-11.249479372680403 -9.561359846230344 4.215) // 291
    (0.9366195799999999 -0.098404417 0.0) // 292
    (0.7519749499999999 -0.0334005 4.215) // 293
    (-10.71610158650115 -9.919677979854775 0.0) // 294
    (-10.916045007450583 -9.919677979854775 4.215) // 295
    (1.0031747309999999 -0.094731315 0.0) // 296
    (0.7846331 -0.03202815 4.215) // 297
    (-10.35365225950258 -10.268206588930331 0.0) // 298
    (-10.570512365061656 -10.268206588930331 4.215) // 299
    (1.070029902 -0.09068104499999999 0.0) // 300
    (0.8174340499999999 -0.03053505 4.215) // 301
    (-9.978870038204532 -10.606601717798211 0.0) // 302
    (-10.213222444515008 -10.606601717798211 4.215) // 303
    (1.136923647 -0.08632646899999999 0.0) // 304
    (0.85025075 -0.02894955 4.215) // 305
    (-9.592124787411421 -10.93452941132117 0.0) // 306
    (-9.844527847826077 -10.93452941132117 4.215) // 307
    (1.2035988059999998 -0.081731877 0.0) // 308
    (0.8829551 -0.027294750000000003 4.215) // 309
    (-9.19379817799345 -11.251666044456892 0.0) // 310
    (-9.464792432048755 -11.251666044456892 4.215) // 311
    (1.2697960759999998 -0.07695941599999999 0.0) // 312
    (0.915419 -0.02559585 4.215) // 313
    (-8.78428331022357 -11.55769864163684 0.0) // 314
    (-9.074390950192404 -11.55769864163684 4.215) // 315
    (1.3352561539999999 -0.07206908999999999 0.0) // 316
    (0.94751645 -0.023873850000000002 4.215) // 317
    (-8.363984325834943 -11.852325185635356 0.0) // 318
    (-8.673708681385882 -11.852325185635356 4.215) // 319
    (1.3997197369999999 -0.06711018799999999 0.0) // 320
    (0.9791204 -0.02214555 4.215) // 321
    (-7.933316009181846 -12.13525491562421 0.0) // 322
    (-8.263141050653537 -12.13525491562421 4.215) // 323
    (1.4629339509999997 -0.06213414199999999 0.0) // 324
    (1.0101059 -0.0204288 4.215) // 325
    (-7.492703377897598 -12.406208614118425 0.0) // 326
    (-7.843093238678476 -12.406208614118425 4.215) // 327
    (1.5246502079999997 -0.05718166899999999 0.0) // 328
    (1.04035115 -0.01873725 4.215) // 329
    (-7.042581263453469 -12.664918882530223 0.0) // 330
    (-7.413979781938124 -12.664918882530223 4.215) // 331
    (1.5846199199999997 -0.0522892 0.0) // 332
    (1.0697354 -0.01708245 4.215) // 333
    (-6.5833938820324995 -12.911130405059156 0.0) // 334
    (-6.976224163606778 -12.911130405059156 4.215) // 335
    (1.642603071 -0.04749102299999999 0.0) // 336
    (1.09814105 -0.0154749 4.215) // 337
    (-6.115594396141832 -13.144600200657948 0.0) // 338
    (-6.530258395628897 -13.144600200657948 4.215) // 339
    (1.6983703599999997 -0.042814996999999994 0.0) // 340
    (1.1254547000000001 -0.01392195 4.215) // 341
    (-5.639644467395867 -13.365097862825516 0.0) // 342
    (-6.076522592375319 -13.365097862825516 4.215) // 343
    (1.7516946289999997 -0.038288981 0.0) // 344
    (1.1515682 -0.012432 4.215) // 345
    (-5.156013800912184 -13.57240578699029 0.0) // 346
    (-5.61546453630371 -13.57240578699029 4.215) // 347
    (1.8023615779999997 -0.033940834 0.0) // 348
    (1.17637445 -0.01101135 4.215) // 349
    (-4.665179681769143 -13.766319385259719 0.0) // 350
    (-5.1475392360511725 -13.766319385259719 4.215) // 351
    (1.850165479 -0.029789842999999996 0.0) // 352
    (1.1997758 -0.00966525 4.215) // 353
    (-4.167626503983254 -13.946647288323767 0.0) // 354
    (-4.673208477395787 -13.946647288323767 4.215) // 355
    (1.894911319 -0.025861724 0.0) // 356
    (1.2216746 -0.008398949999999999 4.215) // 357
    (-3.663845292470613 -14.113211534313383 0.0) // 358
    (-4.192940367529649 -14.113211534313383 4.215) // 359
    (1.9364147999999997 -0.022175763999999997 0.0) // 360
    (1.24198475 -0.00721875 4.215) // 361
    (-3.154333218464783 -14.265847744427303 0.0) // 362
    (-3.707208873093763 -14.265847744427303 4.215) // 363
    (1.9745066249999998 -0.018757679 0.0) // 364
    (1.2606212 -0.006129900000000001 4.215) // 365
    (-2.639593108868642 -14.404405285154148 0.0) // 366
    (-3.2164933524300388 -14.404405285154148 4.215) // 367
    (2.0090282119999996 -0.015626756 0.0) // 368
    (1.27750835 -0.005135550000000001 4.215) // 369
    (-2.1201329500250776 -14.528747416929464 0.0) // 370
    (-2.7212780825126073 -14.528747416929464 4.215) // 371
    (2.03983598 -0.012802282 0.0) // 372
    (1.2925769 -0.004243050000000001 4.215) // 373
    (-1.596465386395625 -14.63875142908121 0.0) // 374
    (-2.222051781024759 -14.63875142908121 4.215) // 375
    (2.0668034919999996 -0.010305687 0.0) // 376
    (1.30576595 -0.0034565999999999998 4.215) // 377
    (-1.0691072146424792 -14.73430876093033 0.0) // 378
    (-1.7193071240537818 -14.73430876093033 4.215) // 379
    (2.089817169 -0.008158401 0.0) // 380
    (1.31701985 -0.00278145 4.215) // 381
    (-0.5385788736124222 -14.815325108927064 0.0) // 382
    (-1.2135402598789942 -14.815325108927064 4.215) // 383
    (2.108778433 -0.006375425 0.0) // 384
    (1.32629135 -0.0022218 4.215) // 385
    (-0.005403930726587625 -14.881720519717167 0.0) // 386
    (-0.7052503193333635 -14.881720519717167 4.215) // 387
    (2.1236122789999996 -0.0049717599999999995 0.0) // 388
    (1.3335437 -0.00178185 4.215) // 389
    (0.5298914347173862 -14.9334294690462 0.0) // 390
    (-0.1949389232216201 -14.9334294690462 4.215) // 391
    (2.1342522739999996 -0.003958120999999999 0.0) // 392
    (1.3387454 -0.0014647500000000001 4.215) // 393
    (1.0667789508208148 -14.970400926424073 0.0) // 394
    (0.3168903127189304 -14.970400926424073 4.215) // 395
    (2.140653415 -0.0033473659999999996 0.0) // 396
    (1.3418744 -0.00127365 4.215) // 397
    (1.6047287744244891 -14.992598405485975 0.0) // 398
    (0.8297322748262778 -14.992598405485975 4.215) // 399
    (2.142789986 -0.0031437809999999996 0.0) // 400
    (1.34291915 -0.0012096000000000001 4.215) // 401
    (2.1432100139999966 -15.0 0.0) // 402
    (1.3430808499999969 -15.0 4.215) // 403
    (2.1432100139999997 15.0 0.0) // 404
    (15.0 15.0 0.0) // 405
    (15.0 15.0 4.215) // 406
    (1.34308085 15.0 4.215) // 407
    (15.0 0.0031437809999999996 0.0) // 408
    (15.0 0.0012096000000000001 4.215) // 409
    (15.0 -0.0031437809999999996 0.0) // 410
    (15.0 -0.0012096000000000001 4.215) // 411
    (2.1432100139999997 -15.0 0.0) // 412
    (15.0 -15.0 0.0) // 413
    (15.0 -15.0 4.215) // 414
    (1.34291915 -15.0 4.215) // 415
);

blocks
(
  hex ( 0 1 2 3 4 5 6 7 ) (1 1 1) simpleGrading (1 1 1)
  hex ( 1 8 9 2 5 10 11 6 ) (1 1 1) simpleGrading (1 1 1)
  hex ( 8 12 13 9 10 14 15 11 ) (1 1 1) simpleGrading (1 1 1)
  hex ( 12 16 17 13 14 18 19 15 ) (1 1 1) simpleGrading (1 1 1)
  hex ( 16 20 21 17 18 22 23 19 ) (1 1 1) simpleGrading (1 1 1)
  hex ( 20 24 25 21 22 26 27 23 ) (1 1 1) simpleGrading (1 1 1)
  hex ( 24 28 29 25 26 30 31 27 ) (1 1 1) simpleGrading (1 1 1)
  hex ( 28 32 33 29 30 34 35 31 ) (1 1 1) simpleGrading (1 1 1)
  hex ( 32 36 37 33 34 38 39 35 ) (1 1 1) simpleGrading (1 1 1)
  hex ( 36 40 41 37 38 42 43 39 ) (1 1 1) simpleGrading (1 1 1)
  hex ( 40 44 45 41 42 46 47 43 ) (1 1 1) simpleGrading (1 1 1)
  hex ( 44 48 49 45 46 50 51 47 ) (1 1 1) simpleGrading (1 1 1)
  hex ( 48 52 53 49 50 54 55 51 ) (1 1 1) simpleGrading (1 1 1)
  hex ( 52 56 57 53 54 58 59 55 ) (1 1 1) simpleGrading (1 1 1)
  hex ( 56 60 61 57 58 62 63 59 ) (1 1 1) simpleGrading (1 1 1)
  hex ( 60 64 65 61 62 66 67 63 ) (1 1 1) simpleGrading (1 1 1)
  hex ( 64 68 69 65 66 70 71 67 ) (1 1 1) simpleGrading (1 1 1)
  hex ( 68 72 73 69 70 74 75 71 ) (1 1 1) simpleGrading (1 1 1)
  hex ( 72 76 77 73 74 78 79 75 ) (1 1 1) simpleGrading (1 1 1)
  hex ( 76 80 81 77 78 82 83 79 ) (1 1 1) simpleGrading (1 1 1)
  hex ( 80 84 85 81 82 86 87 83 ) (1 1 1) simpleGrading (1 1 1)
  hex ( 84 88 89 85 86 90 91 87 ) (1 1 1) simpleGrading (1 1 1)
  hex ( 88 92 93 89 90 94 95 91 ) (1 1 1) simpleGrading (1 1 1)
  hex ( 92 96 97 93 94 98 99 95 ) (1 1 1) simpleGrading (1 1 1)
  hex ( 96 100 101 97 98 102 103 99 ) (1 1 1) simpleGrading (1 1 1)
  hex ( 100 104 105 101 102 106 107 103 ) (1 1 1) simpleGrading (1 1 1)
  hex ( 104 108 109 105 106 110 111 107 ) (1 1 1) simpleGrading (1 1 1)
  hex ( 108 112 113 109 110 114 115 111 ) (1 1 1) simpleGrading (1 1 1)
  hex ( 112 116 117 113 114 118 119 115 ) (1 1 1) simpleGrading (1 1 1)
  hex ( 116 120 121 117 118 122 123 119 ) (1 1 1) simpleGrading (1 1 1)
  hex ( 120 124 125 121 122 126 127 123 ) (1 1 1) simpleGrading (1 1 1)
  hex ( 124 128 129 125 126 130 131 127 ) (1 1 1) simpleGrading (1 1 1)
  hex ( 128 132 133 129 130 134 135 131 ) (1 1 1) simpleGrading (1 1 1)
  hex ( 132 136 137 133 134 138 139 135 ) (1 1 1) simpleGrading (1 1 1)
  hex ( 136 140 141 137 138 142 143 139 ) (1 1 1) simpleGrading (1 1 1)
  hex ( 140 144 145 141 142 146 147 143 ) (1 1 1) simpleGrading (1 1 1)
  hex ( 144 148 149 145 146 150 151 147 ) (1 1 1) simpleGrading (1 1 1)
  hex ( 148 152 153 149 150 154 155 151 ) (1 1 1) simpleGrading (1 1 1)
  hex ( 152 156 157 153 154 158 159 155 ) (1 1 1) simpleGrading (1 1 1)
  hex ( 156 160 161 157 158 162 163 159 ) (1 1 1) simpleGrading (1 1 1)
  hex ( 160 164 165 161 162 166 167 163 ) (1 1 1) simpleGrading (1 1 1)
  hex ( 164 168 169 165 166 170 171 167 ) (1 1 1) simpleGrading (1 1 1)
  hex ( 168 172 173 169 170 174 175 171 ) (1 1 1) simpleGrading (1 1 1)
  hex ( 172 176 177 173 174 178 179 175 ) (1 1 1) simpleGrading (1 1 1)
  hex ( 176 180 181 177 178 182 183 179 ) (1 1 1) simpleGrading (1 1 1)
  hex ( 180 184 185 181 182 186 187 183 ) (1 1 1) simpleGrading (1 1 1)
  hex ( 184 188 189 185 186 190 191 187 ) (1 1 1) simpleGrading (1 1 1)
  hex ( 188 192 193 189 190 194 195 191 ) (1 1 1) simpleGrading (1 1 1)
  hex ( 192 196 197 193 194 198 199 195 ) (1 1 1) simpleGrading (1 1 1)
  hex ( 196 200 201 197 198 202 203 199 ) (1 1 1) simpleGrading (1 1 1)
  hex ( 200 204 205 201 202 206 207 203 ) (1 1 1) simpleGrading (1 1 1)
  hex ( 204 208 209 205 206 210 211 207 ) (1 1 1) simpleGrading (1 1 1)
  hex ( 208 212 213 209 210 214 215 211 ) (1 1 1) simpleGrading (1 1 1)
  hex ( 212 216 217 213 214 218 219 215 ) (1 1 1) simpleGrading (1 1 1)
  hex ( 216 220 221 217 218 222 223 219 ) (1 1 1) simpleGrading (1 1 1)
  hex ( 220 224 225 221 222 226 227 223 ) (1 1 1) simpleGrading (1 1 1)
  hex ( 224 228 229 225 226 230 231 227 ) (1 1 1) simpleGrading (1 1 1)
  hex ( 228 232 233 229 230 234 235 231 ) (1 1 1) simpleGrading (1 1 1)
  hex ( 232 236 237 233 234 238 239 235 ) (1 1 1) simpleGrading (1 1 1)
  hex ( 236 240 241 237 238 242 243 239 ) (1 1 1) simpleGrading (1 1 1)
  hex ( 240 244 245 241 242 246 247 243 ) (1 1 1) simpleGrading (1 1 1)
  hex ( 244 248 249 245 246 250 251 247 ) (1 1 1) simpleGrading (1 1 1)
  hex ( 248 252 253 249 250 254 255 251 ) (1 1 1) simpleGrading (1 1 1)
  hex ( 252 256 257 253 254 258 259 255 ) (1 1 1) simpleGrading (1 1 1)
  hex ( 256 260 261 257 258 262 263 259 ) (1 1 1) simpleGrading (1 1 1)
  hex ( 260 264 265 261 262 266 267 263 ) (1 1 1) simpleGrading (1 1 1)
  hex ( 264 268 269 265 266 270 271 267 ) (1 1 1) simpleGrading (1 1 1)
  hex ( 268 272 273 269 270 274 275 271 ) (1 1 1) simpleGrading (1 1 1)
  hex ( 272 276 277 273 274 278 279 275 ) (1 1 1) simpleGrading (1 1 1)
  hex ( 276 280 281 277 278 282 283 279 ) (1 1 1) simpleGrading (1 1 1)
  hex ( 280 284 285 281 282 286 287 283 ) (1 1 1) simpleGrading (1 1 1)
  hex ( 284 288 289 285 286 290 291 287 ) (1 1 1) simpleGrading (1 1 1)
  hex ( 288 292 293 289 290 294 295 291 ) (1 1 1) simpleGrading (1 1 1)
  hex ( 292 296 297 293 294 298 299 295 ) (1 1 1) simpleGrading (1 1 1)
  hex ( 296 300 301 297 298 302 303 299 ) (1 1 1) simpleGrading (1 1 1)
  hex ( 300 304 305 301 302 306 307 303 ) (1 1 1) simpleGrading (1 1 1)
  hex ( 304 308 309 305 306 310 311 307 ) (1 1 1) simpleGrading (1 1 1)
  hex ( 308 312 313 309 310 314 315 311 ) (1 1 1) simpleGrading (1 1 1)
  hex ( 312 316 317 313 314 318 319 315 ) (1 1 1) simpleGrading (1 1 1)
  hex ( 316 320 321 317 318 322 323 319 ) (1 1 1) simpleGrading (1 1 1)
  hex ( 320 324 325 321 322 326 327 323 ) (1 1 1) simpleGrading (1 1 1)
  hex ( 324 328 329 325 326 330 331 327 ) (1 1 1) simpleGrading (1 1 1)
  hex ( 328 332 333 329 330 334 335 331 ) (1 1 1) simpleGrading (1 1 1)
  hex ( 332 336 337 333 334 338 339 335 ) (1 1 1) simpleGrading (1 1 1)
  hex ( 336 340 341 337 338 342 343 339 ) (1 1 1) simpleGrading (1 1 1)
  hex ( 340 344 345 341 342 346 347 343 ) (1 1 1) simpleGrading (1 1 1)
  hex ( 344 348 349 345 346 350 351 347 ) (1 1 1) simpleGrading (1 1 1)
  hex ( 348 352 353 349 350 354 355 351 ) (1 1 1) simpleGrading (1 1 1)
  hex ( 352 356 357 353 354 358 359 355 ) (1 1 1) simpleGrading (1 1 1)
  hex ( 356 360 361 357 358 362 363 359 ) (1 1 1) simpleGrading (1 1 1)
  hex ( 360 364 365 361 362 366 367 363 ) (1 1 1) simpleGrading (1 1 1)
  hex ( 364 368 369 365 366 370 371 367 ) (1 1 1) simpleGrading (1 1 1)
  hex ( 368 372 373 369 370 374 375 371 ) (1 1 1) simpleGrading (1 1 1)
  hex ( 372 376 377 373 374 378 379 375 ) (1 1 1) simpleGrading (1 1 1)
  hex ( 376 380 381 377 378 382 383 379 ) (1 1 1) simpleGrading (1 1 1)
  hex ( 380 384 385 381 382 386 387 383 ) (1 1 1) simpleGrading (1 1 1)
  hex ( 384 388 389 385 386 390 391 387 ) (1 1 1) simpleGrading (1 1 1)
  hex ( 388 392 393 389 390 394 395 391 ) (1 1 1) simpleGrading (1 1 1)
  hex ( 392 396 397 393 394 398 399 395 ) (1 1 1) simpleGrading (1 1 1)
  hex ( 396 400 401 397 398 402 403 399 ) (1 1 1) simpleGrading (1 1 1)
  hex ( 404 405 406 407 0 408 409 3 ) (1 1 1) simpleGrading (1 1 1.0)
  hex ( 0 408 409 3 400 410 411 401 ) (1 1 1) simpleGrading (1 1 1)
  hex ( 400 410 411 401 412 413 414 415 ) (1 1 1) simpleGrading (1 1 1)
);

edges
(
);

boundary
(
    wing { type patch; faces ((  0  1  2  3 )(  1  8  9  2 )(  8  12  13  9 )(  12  16  17  13 )(  16  20  21  17 )(  20  24  25  21 )(  24  28  29  25 )(  28  32  33  29 )(  32  36  37  33 )(  36  40  41  37 )(  40  44  45  41 )(  44  48  49  45 )(  48  52  53  49 )(  52  56  57  53 )(  56  60  61  57 )(  60  64  65  61 )(  64  68  69  65 )(  68  72  73  69 )(  72  76  77  73 )(  76  80  81  77 )(  80  84  85  81 )(  84  88  89  85 )(  88  92  93  89 )(  92  96  97  93 )(  96  100  101  97 )(  100  104  105  101 )(  104  108  109  105 )(  108  112  113  109 )(  112  116  117  113 )(  116  120  121  117 )(  120  124  125  121 )(  124  128  129  125 )(  128  132  133  129 )(  132  136  137  133 )(  136  140  141  137 )(  140  144  145  141 )(  144  148  149  145 )(  148  152  153  149 )(  152  156  157  153 )(  156  160  161  157 )(  160  164  165  161 )(  164  168  169  165 )(  168  172  173  169 )(  172  176  177  173 )(  176  180  181  177 )(  180  184  185  181 )(  184  188  189  185 )(  188  192  193  189 )(  192  196  197  193 )(  196  200  201  197 )(  200  204  205  201 )(  204  208  209  205 )(  208  212  213  209 )(  212  216  217  213 )(  216  220  221  217 )(  220  224  225  221 )(  224  228  229  225 )(  228  232  233  229 )(  232  236  237  233 )(  236  240  241  237 )(  240  244  245  241 )(  244  248  249  245 )(  248  252  253  249 )(  252  256  257  253 )(  256  260  261  257 )(  260  264  265  261 )(  264  268  269  265 )(  268  272  273  269 )(  272  276  277  273 )(  276  280  281  277 )(  280  284  285  281 )(  284  288  289  285 )(  288  292  293  289 )(  292  296  297  293 )(  296  300  301  297 )(  300  304  305  301 )(  304  308  309  305 )(  308  312  313  309 )(  312  316  317  313 )(  316  320  321  317 )(  320  324  325  321 )(  324  328  329  325 )(  328  332  333  329 )(  332  336  337  333 )(  336  340  341  337 )(  340  344  345  341 )(  344  348  349  345 )(  348  352  353  349 )(  352  356  357  353 )(  356  360  361  357 )(  360  364  365  361 )(  364  368  369  365 )(  368  372  373  369 )(  372  376  377  373 )(  376  380  381  377 )(  380  384  385  381 )(  384  388  389  385 )(  388  392  393  389 )(  392  396  397  393 )(  396  400  401  397 )(  0  3  400  401 ));}
    freestream { type patch; faces ((  4  5  6  7 )(  5  10  11  6 )(  10  14  15  11 )(  14  18  19  15 )(  18  22  23  19 )(  22  26  27  23 )(  26  30  31  27 )(  30  34  35  31 )(  34  38  39  35 )(  38  42  43  39 )(  42  46  47  43 )(  46  50  51  47 )(  50  54  55  51 )(  54  58  59  55 )(  58  62  63  59 )(  62  66  67  63 )(  66  70  71  67 )(  70  74  75  71 )(  74  78  79  75 )(  78  82  83  79 )(  82  86  87  83 )(  86  90  91  87 )(  90  94  95  91 )(  94  98  99  95 )(  98  102  103  99 )(  102  106  107  103 )(  106  110  111  107 )(  110  114  115  111 )(  114  118  119  115 )(  118  122  123  119 )(  122  126  127  123 )(  126  130  131  127 )(  130  134  135  131 )(  134  138  139  135 )(  138  142  143  139 )(  142  146  147  143 )(  146  150  151  147 )(  150  154  155  151 )(  154  158  159  155 )(  158  162  163  159 )(  162  166  167  163 )(  166  170  171  167 )(  170  174  175  171 )(  174  178  179  175 )(  178  182  183  179 )(  182  186  187  183 )(  186  190  191  187 )(  190  194  195  191 )(  194  198  199  195 )(  198  202  203  199 )(  202  206  207  203 )(  206  210  211  207 )(  210  214  215  211 )(  214  218  219  215 )(  218  222  223  219 )(  222  226  227  223 )(  226  230  231  227 )(  230  234  235  231 )(  234  238  239  235 )(  238  242  243  239 )(  242  246  247  243 )(  246  250  251  247 )(  250  254  255  251 )(  254  258  259  255 )(  258  262  263  259 )(  262  266  267  263 )(  266  270  271  267 )(  270  274  275  271 )(  274  278  279  275 )(  278  282  283  279 )(  282  286  287  283 )(  286  290  291  287 )(  290  294  295  291 )(  294  298  299  295 )(  298  302  303  299 )(  302  306  307  303 )(  306  310  311  307 )(  310  314  315  311 )(  314  318  319  315 )(  318  322  323  319 )(  322  326  327  323 )(  326  330  331  327 )(  330  334  335  331 )(  334  338  339  335 )(  338  342  343  339 )(  342  346  347  343 )(  346  350  351  347 )(  350  354  355  351 )(  354  358  359  355 )(  358  362  363  359 )(  362  366  367  363 )(  366  370  371  367 )(  370  374  375  371 )(  374  378  379  375 )(  378  382  383  379 )(  382  386  387  383 )(  386  390  391  387 )(  390  394  395  391 )(  394  398  399  395 )(  398  402  403  399 )(  404  405  406  407 )(  415  414  413  412 )(  405  406  409  408 )(  413  414  411  410 )(  410  411  409  408 ));}
);

mergePatchPairs
(
);
